       time
total_abl_r
total_abl_n
      1       0.001  0.000000E+00  0.000000E+00
      2       0.002  0.000000E+00  0.000000E+00
      3       0.003  0.000000E+00  0.000000E+00
      4       0.004  0.000000E+00  0.000000E+00
      5       0.005  0.000000E+00  0.000000E+00
      6       0.006  0.000000E+00  0.000000E+00
      7       0.007  0.000000E+00  0.000000E+00
      8       0.008  0.000000E+00  0.000000E+00
      9       0.009  0.000000E+00  0.000000E+00
     10       0.010  0.000000E+00  0.000000E+00
     11       0.011  0.000000E+00  0.000000E+00
     12       0.012  0.000000E+00  0.000000E+00
     13       0.013  0.000000E+00  0.000000E+00
     14       0.014  0.000000E+00  0.000000E+00
     15       0.015  0.000000E+00  0.000000E+00
     16       0.016  0.000000E+00  0.000000E+00
     17       0.017  0.000000E+00  0.000000E+00
     18       0.018  0.000000E+00  0.000000E+00
     19       0.019  0.000000E+00  0.000000E+00
     20       0.020  0.000000E+00  0.000000E+00
     21       0.021  0.000000E+00  0.000000E+00
     22       0.022  0.000000E+00  0.000000E+00
     23       0.023  0.000000E+00  0.000000E+00
     24       0.024  0.000000E+00  0.000000E+00
     25       0.025  0.000000E+00  0.000000E+00
     26       0.026  0.000000E+00  0.000000E+00
     27       0.027  0.000000E+00  0.000000E+00
     28       0.028  0.000000E+00  0.000000E+00
     29       0.029  0.000000E+00  0.000000E+00
     30       0.030  0.000000E+00  0.000000E+00
     31       0.031  0.000000E+00  0.000000E+00
     32       0.032  0.000000E+00  0.000000E+00
     33       0.033  0.000000E+00  0.000000E+00
     34       0.034  0.000000E+00  0.000000E+00
     35       0.035  0.000000E+00  0.000000E+00
     36       0.036  0.000000E+00  0.000000E+00
     37       0.037  0.000000E+00  0.000000E+00
     38       0.038  0.000000E+00  0.000000E+00
     39       0.039  0.000000E+00  0.000000E+00
     40       0.040  0.000000E+00  0.000000E+00
     41       0.041  0.000000E+00  0.000000E+00
     42       0.042  0.000000E+00  0.000000E+00
     43       0.043  0.000000E+00  0.000000E+00
     44       0.044  0.000000E+00  0.000000E+00
     45       0.045  0.000000E+00  0.000000E+00
     46       0.046  0.000000E+00  0.000000E+00
     47       0.047  0.000000E+00  0.000000E+00
     48       0.048  0.000000E+00  0.000000E+00
     49       0.049  0.000000E+00  0.000000E+00
     50       0.050  0.000000E+00  0.000000E+00
     51       0.060  0.000000E+00  0.000000E+00
     52       0.070  0.000000E+00  0.000000E+00
     53       0.080  0.000000E+00  0.000000E+00
     54       0.090  0.000000E+00  0.000000E+00
     55       0.100  0.000000E+00  0.000000E+00
     56       0.110  0.000000E+00  0.000000E+00
     57       0.120  0.000000E+00  0.000000E+00
     58       0.130  0.000000E+00  0.000000E+00
     59       0.140  0.000000E+00  0.000000E+00
     60       0.150  0.000000E+00  0.000000E+00
     61       0.160  0.000000E+00  0.000000E+00
     62       0.170  0.000000E+00  0.000000E+00
     63       0.180  0.000000E+00  0.000000E+00
     64       0.190  0.000000E+00  0.000000E+00
     65       0.200  0.000000E+00  0.000000E+00
     66       0.210  0.000000E+00  0.000000E+00
     67       0.220  0.000000E+00  0.000000E+00
     68       0.230  0.000000E+00  0.000000E+00
     69       0.240  0.000000E+00  0.000000E+00
     70       0.250  0.000000E+00  0.000000E+00
     71       0.260  0.000000E+00  0.000000E+00
     72       0.270  0.000000E+00  0.000000E+00
     73       0.280  0.000000E+00  0.000000E+00
     74       0.290  0.000000E+00  0.000000E+00
     75       0.300  0.000000E+00  0.000000E+00
     76       0.310  0.000000E+00  0.000000E+00
     77       0.320  0.000000E+00  0.000000E+00
     78       0.330  0.000000E+00  0.000000E+00
     79       0.340  0.000000E+00  0.000000E+00
     80       0.350  0.000000E+00  0.000000E+00
     81       0.360  0.000000E+00  0.000000E+00
     82       0.370  0.000000E+00  0.000000E+00
     83       0.380  0.000000E+00  0.000000E+00
     84       0.390  0.000000E+00  0.000000E+00
     85       0.400  0.000000E+00  0.000000E+00
     86       0.410  0.000000E+00  0.000000E+00
     87       0.420  0.000000E+00  0.000000E+00
     88       0.430  0.000000E+00  0.000000E+00
     89       0.440  0.000000E+00  0.000000E+00
     90       0.450  0.000000E+00  0.000000E+00
     91       0.460  0.000000E+00  0.000000E+00
     92       0.470  0.000000E+00  0.000000E+00
     93       0.480  0.000000E+00  0.000000E+00
     94       0.490  0.000000E+00  0.000000E+00
     95       0.500  0.000000E+00  0.000000E+00
     96       0.510  0.000000E+00  0.000000E+00
     97       0.520  0.000000E+00  0.000000E+00
     98       0.530  0.000000E+00  0.000000E+00
     99       0.540  0.000000E+00  0.000000E+00
    100       0.550  0.000000E+00  0.000000E+00
    101       0.650  0.000000E+00  0.000000E+00
    102       0.750  0.000000E+00  0.000000E+00
    103       0.850  0.000000E+00  0.000000E+00
    104       0.950  0.000000E+00  0.000000E+00
    105       1.050  0.000000E+00  0.000000E+00
    106       1.150  0.000000E+00  0.000000E+00
    107       1.250  0.000000E+00  0.000000E+00
    108       1.350  0.000000E+00  0.000000E+00
    109       1.450  0.000000E+00  0.000000E+00
    110       1.550  0.000000E+00  0.000000E+00
    111       1.650  0.000000E+00  0.000000E+00
    112       1.750  0.000000E+00  0.000000E+00
    113       1.850  0.000000E+00  0.000000E+00
    114       1.950  0.000000E+00  0.000000E+00
    115       2.050  0.000000E+00  0.000000E+00
    116       2.150  0.000000E+00  0.000000E+00
    117       2.250  0.000000E+00  0.000000E+00
    118       2.350  0.000000E+00  0.000000E+00
    119       2.450  0.000000E+00  0.000000E+00
    120       2.550  0.000000E+00  0.000000E+00
    121       2.650  0.000000E+00  0.000000E+00
    122       2.750  0.000000E+00  0.000000E+00
    123       2.850  0.000000E+00  0.000000E+00
    124       2.950  0.000000E+00  0.000000E+00
    125       3.050  0.000000E+00  0.000000E+00
    126       3.150  0.000000E+00  0.000000E+00
    127       3.250  0.000000E+00  0.000000E+00
    128       3.350  0.000000E+00  0.000000E+00
    129       3.450  0.000000E+00  0.000000E+00
    130       3.550  0.000000E+00  0.000000E+00
    131       3.650  0.000000E+00  0.000000E+00
    132       3.750  0.000000E+00  0.000000E+00
    133       3.850  0.000000E+00  0.000000E+00
    134       3.950  0.000000E+00  0.000000E+00
    135       4.050  0.000000E+00  0.000000E+00
    136       4.150  0.000000E+00  0.000000E+00
    137       4.250  0.000000E+00  0.000000E+00
    138       4.350  0.000000E+00  0.000000E+00
    139       4.450  0.000000E+00  0.000000E+00
    140       4.550  0.000000E+00  0.000000E+00
    141       4.650  0.000000E+00  0.000000E+00
    142       4.750  0.000000E+00  0.000000E+00
    143       4.850  0.000000E+00  0.000000E+00
    144       4.950  0.000000E+00  0.000000E+00
    145       5.050  0.000000E+00  0.000000E+00
    146       5.150  0.000000E+00  0.000000E+00
    147       5.250  0.000000E+00  0.000000E+00
    148       5.350  0.000000E+00  0.000000E+00
    149       5.450  0.000000E+00  0.000000E+00
    150       5.550  0.000000E+00  0.000000E+00
    151       6.050  0.000000E+00  0.000000E+00
    152       6.550  0.000000E+00  0.000000E+00
    153       7.050  0.000000E+00  0.000000E+00
    154       7.550  0.000000E+00  0.000000E+00
    155       8.050  0.000000E+00  0.000000E+00
    156       8.550  0.000000E+00  0.000000E+00
    157       9.050  0.000000E+00  0.000000E+00
    158       9.550  0.000000E+00  0.000000E+00
    159      10.050  0.000000E+00  0.000000E+00
    160      10.550  0.000000E+00  0.000000E+00
    161      11.050  0.000000E+00  0.000000E+00
    162      11.550  0.000000E+00  0.000000E+00
    163      12.050  0.000000E+00  0.000000E+00
    164      12.550  0.000000E+00  0.000000E+00
    165      13.050  0.000000E+00  0.000000E+00
    166      13.550  0.000000E+00  0.000000E+00
    167      14.050  0.000000E+00  0.000000E+00
    168      14.550  0.000000E+00  0.000000E+00
    169      15.050  0.000000E+00  0.000000E+00
    170      15.550  0.000000E+00  0.000000E+00
    171      16.050  0.000000E+00  0.000000E+00
    172      16.550  0.000000E+00  0.000000E+00
    173      17.050  0.000000E+00  0.000000E+00
    174      17.550  0.000000E+00  0.000000E+00
    175      18.050  0.000000E+00  0.000000E+00
    176      18.550  0.000000E+00  0.000000E+00
    177      19.050  0.000000E+00  0.000000E+00
    178      19.550  0.000000E+00  0.000000E+00
    179      20.050  0.000000E+00  0.000000E+00
    180      20.550  0.000000E+00  0.000000E+00
    181      21.050  0.000000E+00  0.000000E+00
    182      21.550  0.000000E+00  0.000000E+00
    183      22.050  0.000000E+00  0.000000E+00
    184      22.550  0.000000E+00  0.000000E+00
    185      23.050  0.000000E+00  0.000000E+00
    186      23.550  0.000000E+00  0.000000E+00
    187      24.050  0.000000E+00  0.000000E+00
    188      24.550  0.000000E+00  0.000000E+00
    189      25.050  0.000000E+00  0.000000E+00
    190      25.550  0.000000E+00  0.000000E+00
    191      26.050  0.000000E+00  0.000000E+00
    192      26.550  0.000000E+00  0.000000E+00
    193      27.050  0.000000E+00  0.000000E+00
    194      27.550  0.000000E+00  0.000000E+00
    195      28.050  0.000000E+00  0.000000E+00
    196      28.550  0.000000E+00  0.000000E+00
    197      29.050  0.000000E+00  0.000000E+00
    198      29.550  0.000000E+00  0.000000E+00
    199      30.050  0.000000E+00  0.000000E+00
    200      30.550  0.000000E+00  0.000000E+00
    201      31.050  0.000000E+00  0.000000E+00
    202      31.550  0.000000E+00  0.000000E+00
    203      32.050  0.000000E+00  0.000000E+00
    204      32.550  0.000000E+00  0.000000E+00
    205      33.050  0.000000E+00  0.000000E+00
    206      33.550  0.000000E+00  0.000000E+00
    207      34.050  0.000000E+00  0.000000E+00
    208      34.550  0.000000E+00  0.000000E+00
    209      35.050  0.000000E+00  0.000000E+00
    210      35.550  0.000000E+00  0.000000E+00
    211      36.050  0.000000E+00  0.000000E+00
    212      36.550  0.000000E+00  0.000000E+00
    213      37.050  0.000000E+00  0.000000E+00
    214      37.550  0.000000E+00  0.000000E+00
    215      38.050  0.000000E+00  0.000000E+00
    216      38.550  0.000000E+00  0.000000E+00
    217      39.050  0.000000E+00  0.000000E+00
    218      39.550  0.000000E+00  0.000000E+00
    219      40.050  0.000000E+00  0.000000E+00
    220      40.550  0.000000E+00  0.000000E+00
    221      41.050  0.000000E+00  0.000000E+00
    222      41.550  0.000000E+00  0.000000E+00
    223      42.050  0.000000E+00  0.000000E+00
    224      42.550  0.000000E+00  0.000000E+00
    225      43.050  0.000000E+00  0.000000E+00
    226      43.550  0.000000E+00  0.000000E+00
    227      44.050  0.000000E+00  0.000000E+00
    228      44.550  0.000000E+00  0.000000E+00
    229      45.050  0.000000E+00  0.000000E+00
    230      45.550  0.000000E+00  0.000000E+00
    231      46.050  0.000000E+00  0.000000E+00
    232      46.550  0.000000E+00  0.000000E+00
    233      47.050  0.000000E+00  0.000000E+00
    234      47.550  0.000000E+00  0.000000E+00
    235      48.050  0.000000E+00  0.000000E+00
    236      48.550  0.000000E+00  0.000000E+00
    237      49.050  0.000000E+00  0.000000E+00
    238      49.550  0.000000E+00  0.000000E+00
    239      50.050  0.000000E+00  0.000000E+00
    240      50.550  0.000000E+00  0.000000E+00
    241      51.050  0.000000E+00  0.000000E+00
    242      51.550  0.000000E+00  0.000000E+00
    243      52.050  0.000000E+00  0.000000E+00
    244      52.550  0.000000E+00  0.000000E+00
    245      53.050  0.000000E+00  0.000000E+00
    246      53.550  0.000000E+00  0.000000E+00
    247      54.050  0.000000E+00  0.000000E+00
    248      54.550  0.000000E+00  0.000000E+00
    249      55.050  0.000000E+00  0.000000E+00
    250      55.550  0.000000E+00  0.000000E+00
    251      56.550  0.000000E+00  0.000000E+00
    252      57.550  0.000000E+00  0.000000E+00
    253      58.550  0.000000E+00  0.000000E+00
    254      59.550  0.000000E+00  0.000000E+00
    255      60.550  0.000000E+00  0.000000E+00
    256      61.550  0.000000E+00  0.000000E+00
    257      62.550  0.000000E+00  0.000000E+00
    258      63.550  0.000000E+00  0.000000E+00
    259      64.550  0.000000E+00  0.000000E+00
    260      65.550  0.000000E+00  0.000000E+00
    261      66.550  0.000000E+00  0.000000E+00
    262      67.550  0.000000E+00  0.000000E+00
    263      68.550  0.000000E+00  0.000000E+00
    264      69.550  0.000000E+00  0.000000E+00
    265      70.550  0.000000E+00  0.000000E+00
    266      71.550  0.000000E+00  0.000000E+00
    267      72.550  0.000000E+00  0.000000E+00
    268      73.550  0.000000E+00  0.000000E+00
    269      74.550  0.000000E+00  0.000000E+00
    270      75.550  0.000000E+00  0.000000E+00
    271      76.550  0.000000E+00  0.000000E+00
    272      77.550  0.000000E+00  0.000000E+00
    273      78.550  0.000000E+00  0.000000E+00
    274      79.550  0.000000E+00  0.000000E+00
    275      80.550  0.000000E+00  0.000000E+00
    276      81.550  0.000000E+00  0.000000E+00
    277      82.550  0.000000E+00  0.000000E+00
    278      83.550  0.000000E+00  0.000000E+00
    279      84.550  0.000000E+00  0.000000E+00
    280      85.550  0.000000E+00  0.000000E+00
    281      86.550  0.000000E+00  0.000000E+00
    282      87.550  0.000000E+00  0.000000E+00
    283      88.550  0.000000E+00  0.000000E+00
    284      89.550  0.000000E+00  0.000000E+00
    285      90.550  0.000000E+00  0.000000E+00
    286      91.550  0.000000E+00  0.000000E+00
    287      92.550  0.000000E+00  0.000000E+00
    288      93.550  0.000000E+00  0.000000E+00
    289      94.550  0.000000E+00  0.000000E+00
    290      95.550  0.000000E+00  0.000000E+00
    291      96.550  0.000000E+00  0.000000E+00
    292      97.550  0.000000E+00  0.000000E+00
    293      98.550  0.000000E+00  0.000000E+00
    294      99.550  0.000000E+00  0.000000E+00
    295     100.550  0.000000E+00  0.000000E+00
    296     101.550  0.000000E+00  0.000000E+00
    297     102.550  0.000000E+00  0.000000E+00
    298     103.550  0.000000E+00  0.000000E+00
    299     104.550  0.000000E+00  0.000000E+00
    300     105.550  0.000000E+00  0.000000E+00
    301     105.551  0.404702E+24  0.000000E+00
    302     105.552  0.404699E+24  0.142001E+15
    303     105.553  0.404700E+24  0.284001E+15
    304     105.554  0.404704E+24  0.426001E+15
    305     105.555  0.404708E+24  0.568003E+15
    306     105.556  0.404712E+24  0.710006E+15
    307     105.557  0.404716E+24  0.852011E+15
    308     105.558  0.404720E+24  0.994017E+15
    309     105.559  0.404724E+24  0.113602E+16
    310     105.560  0.404728E+24  0.127803E+16
    311     105.561  0.404732E+24  0.142004E+16
    312     105.562  0.404736E+24  0.156205E+16
    313     105.563  0.404740E+24  0.170407E+16
    314     105.564  0.404743E+24  0.184608E+16
    315     105.565  0.404747E+24  0.198810E+16
    316     105.566  0.404751E+24  0.213011E+16
    317     105.567  0.404755E+24  0.227213E+16
    318     105.568  0.404758E+24  0.241415E+16
    319     105.569  0.404762E+24  0.255617E+16
    320     105.570  0.404765E+24  0.269819E+16
    321     105.571  0.404769E+24  0.284022E+16
    322     105.572  0.404772E+24  0.298224E+16
    323     105.573  0.404776E+24  0.312427E+16
    324     105.574  0.404779E+24  0.326630E+16
    325     105.575  0.404783E+24  0.340832E+16
    326     105.576  0.404786E+24  0.355035E+16
    327     105.577  0.404789E+24  0.369238E+16
    328     105.578  0.404793E+24  0.383442E+16
    329     105.579  0.404796E+24  0.397645E+16
    330     105.580  0.404800E+24  0.411848E+16
    331     105.581  0.404803E+24  0.426052E+16
    332     105.582  0.404806E+24  0.440255E+16
    333     105.583  0.404810E+24  0.454459E+16
    334     105.584  0.404813E+24  0.468663E+16
    335     105.585  0.404816E+24  0.482867E+16
    336     105.586  0.404819E+24  0.497071E+16
    337     105.587  0.404823E+24  0.511275E+16
    338     105.588  0.404826E+24  0.525480E+16
    339     105.589  0.404829E+24  0.539684E+16
    340     105.590  0.404833E+24  0.553889E+16
    341     105.591  0.404836E+24  0.568093E+16
    342     105.592  0.404839E+24  0.582298E+16
    343     105.593  0.404842E+24  0.596503E+16
    344     105.594  0.404846E+24  0.610708E+16
    345     105.595  0.404849E+24  0.624913E+16
    346     105.596  0.404852E+24  0.639119E+16
    347     105.597  0.404855E+24  0.653324E+16
    348     105.598  0.404859E+24  0.667529E+16
    349     105.599  0.404862E+24  0.681735E+16
    350     105.600  0.404865E+24  0.695941E+16
    351     105.610  0.404902E+24  0.837999E+16
    352     105.620  0.404936E+24  0.980070E+16
    353     105.630  0.404969E+24  0.112215E+17
    354     105.640  0.405001E+24  0.126425E+17
    355     105.650  0.405033E+24  0.140635E+17
    356     105.660  0.405065E+24  0.154847E+17
    357     105.670  0.405098E+24  0.169060E+17
    358     105.680  0.405130E+24  0.183274E+17
    359     105.690  0.405163E+24  0.197489E+17
    360     105.700  0.405196E+24  0.211705E+17
    361     105.710  0.405229E+24  0.225923E+17
    362     105.720  0.405262E+24  0.240141E+17
    363     105.730  0.405295E+24  0.254361E+17
    364     105.740  0.405329E+24  0.268582E+17
    365     105.750  0.405363E+24  0.282804E+17
    366     105.760  0.405397E+24  0.297028E+17
    367     105.770  0.405431E+24  0.311252E+17
    368     105.780  0.405466E+24  0.325478E+17
    369     105.790  0.405500E+24  0.339705E+17
    370     105.800  0.405535E+24  0.353933E+17
    371     105.810  0.405570E+24  0.368162E+17
    372     105.820  0.405605E+24  0.382393E+17
    373     105.830  0.405640E+24  0.396624E+17
    374     105.840  0.405676E+24  0.410857E+17
    375     105.850  0.405711E+24  0.425092E+17
    376     105.860  0.405747E+24  0.439327E+17
    377     105.870  0.405783E+24  0.453564E+17
    378     105.880  0.405819E+24  0.467802E+17
    379     105.890  0.405855E+24  0.482041E+17
    380     105.900  0.405891E+24  0.496282E+17
    381     105.910  0.405928E+24  0.510524E+17
    382     105.920  0.405964E+24  0.524767E+17
    383     105.930  0.406001E+24  0.539011E+17
    384     105.940  0.406038E+24  0.553257E+17
    385     105.950  0.406075E+24  0.567504E+17
    386     105.960  0.406112E+24  0.581752E+17
    387     105.970  0.406149E+24  0.596002E+17
    388     105.980  0.406186E+24  0.610253E+17
    389     105.990  0.406223E+24  0.624505E+17
    390     106.000  0.406261E+24  0.638758E+17
    391     106.100  0.406641E+24  0.781306E+17
    392     106.200  0.407022E+24  0.923987E+17
    393     106.300  0.407408E+24  0.106680E+18
    394     106.400  0.407799E+24  0.120975E+18
    395     106.500  0.408196E+24  0.135284E+18
    396     106.600  0.408597E+24  0.149607E+18
    397     106.700  0.409002E+24  0.163944E+18
    398     106.800  0.409410E+24  0.178295E+18
    399     106.900  0.409820E+24  0.192660E+18
    400     107.000  0.410233E+24  0.207040E+18
    401     107.100  0.410648E+24  0.221434E+18
    402     107.200  0.411065E+24  0.235842E+18
    403     107.300  0.411483E+24  0.250266E+18
    404     107.400  0.411903E+24  0.264704E+18
    405     107.500  0.412324E+24  0.279157E+18
    406     107.600  0.412746E+24  0.293624E+18
    407     107.700  0.413170E+24  0.308107E+18
    408     107.800  0.413594E+24  0.322604E+18
    409     107.900  0.414019E+24  0.337116E+18
    410     108.000  0.414444E+24  0.351643E+18
    411     108.100  0.414870E+24  0.366185E+18
    412     108.200  0.415297E+24  0.380742E+18
    413     108.300  0.415724E+24  0.395314E+18
    414     108.400  0.416152E+24  0.409900E+18
    415     108.500  0.416580E+24  0.424502E+18
    416     108.600  0.417009E+24  0.439119E+18
    417     108.700  0.417438E+24  0.453751E+18
    418     108.800  0.417867E+24  0.468398E+18
    419     108.900  0.418297E+24  0.483060E+18
    420     109.000  0.418727E+24  0.497737E+18
    421     109.100  0.419157E+24  0.512430E+18
    422     109.200  0.419587E+24  0.527137E+18
    423     109.300  0.420017E+24  0.541859E+18
    424     109.400  0.420448E+24  0.556597E+18
    425     109.500  0.420879E+24  0.571349E+18
    426     109.600  0.421309E+24  0.586117E+18
    427     109.700  0.421740E+24  0.600900E+18
    428     109.800  0.422171E+24  0.615698E+18
    429     109.900  0.422602E+24  0.630511E+18
    430     110.000  0.423033E+24  0.645339E+18
    431     111.000  0.426962E+24  0.793772E+18
    432     112.000  0.431153E+24  0.943584E+18
    433     113.000  0.435422E+24  0.109487E+19
    434     114.000  0.439706E+24  0.124765E+19
    435     115.000  0.443980E+24  0.140193E+19
    436     116.000  0.448236E+24  0.155771E+19
    437     117.000  0.452524E+24  0.171499E+19
    438     118.000  0.456740E+24  0.187377E+19
    439     119.000  0.460938E+24  0.203403E+19
    440     120.000  0.465120E+24  0.219576E+19
    441     121.000  0.469288E+24  0.235896E+19
    442     122.000  0.473446E+24  0.252362E+19
    443     123.000  0.477595E+24  0.268975E+19
    444     124.000  0.481739E+24  0.285732E+19
    445     125.000  0.485932E+24  0.302636E+19
    446     126.000  0.490073E+24  0.319686E+19
    447     127.000  0.494213E+24  0.336881E+19
    448     128.000  0.498356E+24  0.354222E+19
    449     129.000  0.502555E+24  0.371709E+19
    450     130.000  0.506707E+24  0.389342E+19
    451     133.500  0.521427E+24  0.451569E+19
    452     137.000  0.536153E+24  0.515604E+19
    453     140.500  0.550969E+24  0.581448E+19
    454     144.000  0.565902E+24  0.649111E+19
    455     147.500  0.581018E+24  0.718608E+19
    456     151.000  0.596222E+24  0.789961E+19
    457     154.500  0.611567E+24  0.863182E+19
    458     158.000  0.627054E+24  0.938287E+19
    459     161.500  0.642684E+24  0.101529E+20
    460     165.000  0.658513E+24  0.109422E+20
    461     168.500  0.674435E+24  0.117509E+20
    462     172.000  0.690501E+24  0.125792E+20
    463     175.500  0.706710E+24  0.134271E+20
    464     179.000  0.723118E+24  0.142950E+20
    465     182.500  0.739618E+24  0.151831E+20
    466     186.000  0.756315E+24  0.160914E+20
    467     189.500  0.773102E+24  0.170202E+20
    468     193.000  0.790028E+24  0.179696E+20
    469     196.500  0.807091E+24  0.189398E+20
    470     200.000  0.824290E+24  0.199310E+20
    471     205.000  0.849292E+24  0.213771E+20
    472     210.000  0.874417E+24  0.228671E+20
    473     215.000  0.899766E+24  0.244012E+20
    474     220.000  0.925381E+24  0.259797E+20
    475     225.000  0.951269E+24  0.276032E+20
    476     230.000  0.977426E+24  0.292721E+20
    477     235.000  0.100384E+25  0.309869E+20
    478     240.000  0.103051E+25  0.327480E+20
    479     245.000  0.105741E+25  0.345559E+20
    480     250.000  0.108456E+25  0.364110E+20
    481     255.000  0.111194E+25  0.383138E+20
    482     260.000  0.113954E+25  0.402646E+20
    483     265.000  0.116736E+25  0.422638E+20
    484     270.000  0.119539E+25  0.443118E+20
    485     275.000  0.122362E+25  0.464089E+20
    486     280.000  0.125205E+25  0.485556E+20
    487     285.000  0.128067E+25  0.507522E+20
    488     290.000  0.130947E+25  0.529990E+20
    489     295.000  0.133843E+25  0.552963E+20
    490     300.000  0.136756E+25  0.576445E+20
    491     305.000  0.139684E+25  0.600437E+20
    492     310.000  0.142626E+25  0.624943E+20
    493     315.000  0.145582E+25  0.649965E+20
    494     320.000  0.148550E+25  0.675506E+20
    495     325.000  0.151529E+25  0.701568E+20
    496     330.000  0.154519E+25  0.728152E+20
    497     335.000  0.157518E+25  0.755261E+20
    498     340.000  0.160526E+25  0.782895E+20
    499     345.000  0.163540E+25  0.811058E+20
    500     350.000  0.166561E+25  0.839749E+20
    501     355.000  0.169587E+25  0.868971E+20
    502     360.000  0.172617E+25  0.898723E+20
    503     365.000  0.175650E+25  0.929006E+20
    504     370.000  0.178684E+25  0.959822E+20
    505     375.000  0.181720E+25  0.991170E+20
    506     380.000  0.184755E+25  0.102305E+21
    507     385.000  0.187789E+25  0.105546E+21
    508     390.000  0.190821E+25  0.108841E+21
    509     395.000  0.193850E+25  0.112189E+21
    510     400.000  0.196875E+25  0.115590E+21
    511     405.000  0.199894E+25  0.119044E+21
    512     410.000  0.202908E+25  0.122550E+21
    513     415.000  0.205916E+25  0.126110E+21
    514     420.000  0.208915E+25  0.129723E+21
    515     425.000  0.211907E+25  0.133388E+21
    516     430.000  0.214890E+25  0.137106E+21
    517     435.000  0.217863E+25  0.140876E+21
    518     440.000  0.220825E+25  0.144698E+21
    519     445.000  0.223777E+25  0.148572E+21
    520     450.000  0.226717E+25  0.152498E+21
    521     455.000  0.229645E+25  0.156475E+21
    522     460.000  0.232561E+25  0.160504E+21
    523     465.000  0.235462E+25  0.164584E+21
    524     470.000  0.238350E+25  0.168715E+21
    525     475.000  0.241224E+25  0.172897E+21
    526     480.000  0.244083E+25  0.177129E+21
    527     485.000  0.246926E+25  0.181411E+21
    528     490.000  0.249754E+25  0.185743E+21
    529     495.000  0.252565E+25  0.190125E+21
    530     500.000  0.255360E+25  0.194556E+21
    531     505.000  0.258139E+25  0.199036E+21
    532     510.000  0.260900E+25  0.203565E+21
    533     515.000  0.263644E+25  0.208142E+21
    534     520.000  0.266372E+25  0.212767E+21
    535     525.000  0.269081E+25  0.217440E+21
    536     530.000  0.271774E+25  0.222161E+21
    537     535.000  0.274448E+25  0.226929E+21
    538     540.000  0.277106E+25  0.231744E+21
    539     545.000  0.279746E+25  0.236605E+21
    540     550.000  0.282369E+25  0.241513E+21
    541     555.000  0.284976E+25  0.246467E+21
    542     560.000  0.287566E+25  0.251467E+21
    543     565.000  0.290141E+25  0.256512E+21
    544     570.000  0.292700E+25  0.261602E+21
    545     575.000  0.295245E+25  0.266737E+21
    546     580.000  0.297775E+25  0.271917E+21
    547     585.000  0.300291E+25  0.277141E+21
    548     590.000  0.302795E+25  0.282409E+21
    549     595.000  0.305285E+25  0.287721E+21
    550     600.000  0.307764E+25  0.293077E+21
    551     605.000  0.310231E+25  0.298477E+21
    552     610.000  0.312709E+25  0.303919E+21
    553     615.000  0.315176E+25  0.309405E+21
    554     620.000  0.317617E+25  0.314935E+21
    555     625.000  0.320032E+25  0.320507E+21
    556     630.000  0.322430E+25  0.326122E+21
    557     635.000  0.324820E+25  0.331778E+21
    558     640.000  0.327206E+25  0.337477E+21
    559     645.000  0.329587E+25  0.343217E+21
    560     650.000  0.331962E+25  0.349000E+21
    561     655.000  0.334329E+25  0.354824E+21
    562     660.000  0.336689E+25  0.360689E+21
    563     665.000  0.339041E+25  0.366596E+21
    564     670.000  0.341384E+25  0.372544E+21
    565     675.000  0.343718E+25  0.378533E+21
    566     680.000  0.346044E+25  0.384563E+21
    567     685.000  0.348360E+25  0.390634E+21
    568     690.000  0.350666E+25  0.396746E+21
    569     695.000  0.352963E+25  0.402898E+21
    570     700.000  0.355251E+25  0.409090E+21
    571     705.000  0.357528E+25  0.415323E+21
    572     710.000  0.359795E+25  0.421595E+21
    573     715.000  0.362052E+25  0.427907E+21
    574     720.000  0.364299E+25  0.434259E+21
    575     725.000  0.366535E+25  0.440650E+21
    576     730.000  0.368761E+25  0.447081E+21
    577     735.000  0.370976E+25  0.453550E+21
    578     740.000  0.373180E+25  0.460059E+21
    579     745.000  0.375374E+25  0.466606E+21
    580     750.000  0.377557E+25  0.473191E+21
    581     755.000  0.379729E+25  0.479815E+21
    582     760.000  0.381890E+25  0.486477E+21
    583     765.000  0.384041E+25  0.493177E+21
    584     770.000  0.386180E+25  0.499915E+21
    585     775.000  0.388309E+25  0.506690E+21
    586     780.000  0.390427E+25  0.513502E+21
    587     785.000  0.392535E+25  0.520352E+21
    588     790.000  0.394632E+25  0.527238E+21
    589     795.000  0.396718E+25  0.534162E+21
    590     800.000  0.398794E+25  0.541122E+21
    591     805.000  0.400860E+25  0.548118E+21
    592     810.000  0.402915E+25  0.555151E+21
    593     815.000  0.404961E+25  0.562219E+21
    594     820.000  0.406996E+25  0.569324E+21
    595     825.000  0.409022E+25  0.576464E+21
    596     830.000  0.411038E+25  0.583640E+21
    597     835.000  0.413045E+25  0.590851E+21
    598     840.000  0.415042E+25  0.598098E+21
    599     845.000  0.417031E+25  0.605379E+21
    600     850.000  0.419010E+25  0.612696E+21
    601     855.000  0.420980E+25  0.620047E+21
    602     860.000  0.422942E+25  0.627432E+21
    603     865.000  0.424895E+25  0.634852E+21
    604     870.000  0.426840E+25  0.642307E+21
    605     875.000  0.428776E+25  0.649795E+21
    606     880.000  0.430704E+25  0.657318E+21
    607     885.000  0.432624E+25  0.664874E+21
    608     890.000  0.434536E+25  0.672464E+21
    609     895.000  0.436440E+25  0.680087E+21
    610     900.000  0.438336E+25  0.687744E+21
    611     905.000  0.440224E+25  0.695434E+21
    612     910.000  0.442104E+25  0.703157E+21
    613     915.000  0.443976E+25  0.710914E+21
    614     920.000  0.445841E+25  0.718703E+21
    615     925.000  0.447698E+25  0.726524E+21
    616     930.000  0.449547E+25  0.734379E+21
    617     935.000  0.451388E+25  0.742266E+21
    618     940.000  0.453222E+25  0.750185E+21
    619     945.000  0.455048E+25  0.758136E+21
    620     950.000  0.456866E+25  0.766119E+21
    621     955.000  0.458677E+25  0.774135E+21
    622     960.000  0.460479E+25  0.782182E+21
    623     965.000  0.462274E+25  0.790260E+21
    624     970.000  0.464062E+25  0.798370E+21
    625     975.000  0.465841E+25  0.806512E+21
    626     980.000  0.467613E+25  0.814684E+21
    627     985.000  0.469377E+25  0.822888E+21
    628     990.000  0.471133E+25  0.831123E+21
    629     995.000  0.472881E+25  0.839388E+21
    630    1000.000  0.474622E+25  0.847685E+21
    631    1005.000  0.476355E+25  0.856011E+21
    632    1010.000  0.478080E+25  0.864368E+21
    633    1015.000  0.479797E+25  0.872756E+21
    634    1020.000  0.481507E+25  0.881173E+21
    635    1025.000  0.483209E+25  0.889621E+21
    636    1030.000  0.484903E+25  0.898098E+21
    637    1035.000  0.486590E+25  0.906605E+21
    638    1040.000  0.488269E+25  0.915142E+21
    639    1045.000  0.489940E+25  0.923708E+21
    640    1050.000  0.491603E+25  0.932304E+21
    641    1055.000  0.493259E+25  0.940928E+21
    642    1060.000  0.494907E+25  0.949582E+21
    643    1065.000  0.496547E+25  0.958264E+21
    644    1070.000  0.498179E+25  0.966976E+21
    645    1075.000  0.499804E+25  0.975716E+21
    646    1080.000  0.501420E+25  0.984484E+21
    647    1085.000  0.503029E+25  0.993281E+21
    648    1090.000  0.504629E+25  0.100211E+22
    649    1095.000  0.506222E+25  0.101096E+22
    650    1100.000  0.507807E+25  0.101984E+22
    651    1105.000  0.509383E+25  0.102875E+22
    652    1110.000  0.510952E+25  0.103769E+22
    653    1115.000  0.512512E+25  0.104665E+22
    654    1120.000  0.514064E+25  0.105564E+22
    655    1125.000  0.515607E+25  0.106466E+22
    656    1130.000  0.517143E+25  0.107371E+22
    657    1135.000  0.518670E+25  0.108278E+22
    658    1140.000  0.520188E+25  0.109188E+22
    659    1145.000  0.521698E+25  0.110100E+22
    660    1150.000  0.523199E+25  0.111016E+22
    661    1155.000  0.524692E+25  0.111934E+22
    662    1160.000  0.526176E+25  0.112854E+22
    663    1165.000  0.527652E+25  0.113777E+22
    664    1170.000  0.529118E+25  0.114703E+22
    665    1175.000  0.530576E+25  0.115631E+22
    666    1180.000  0.532025E+25  0.116562E+22
    667    1185.000  0.533465E+25  0.117495E+22
    668    1190.000  0.534896E+25  0.118431E+22
    669    1195.000  0.536319E+25  0.119370E+22
    670    1200.000  0.537731E+25  0.120311E+22
    671    1205.000  0.539135E+25  0.121254E+22
    672    1210.000  0.540530E+25  0.122200E+22
    673    1215.000  0.541915E+25  0.123148E+22
    674    1220.000  0.543292E+25  0.124099E+22
    675    1225.000  0.544658E+25  0.125052E+22
    676    1230.000  0.546015E+25  0.126008E+22
    677    1235.000  0.547363E+25  0.126966E+22
    678    1240.000  0.548700E+25  0.127926E+22
    679    1245.000  0.550028E+25  0.128888E+22
    680    1250.000  0.551347E+25  0.129853E+22
    681    1255.000  0.552655E+25  0.130821E+22
    682    1260.000  0.553953E+25  0.131790E+22
    683    1265.000  0.555242E+25  0.132762E+22
    684    1270.000  0.556519E+25  0.133736E+22
    685    1275.000  0.557787E+25  0.134713E+22
    686    1280.000  0.559044E+25  0.135691E+22
    687    1285.000  0.560291E+25  0.136672E+22
    688    1290.000  0.561527E+25  0.137655E+22
    689    1295.000  0.562753E+25  0.138640E+22
    690    1300.000  0.563967E+25  0.139627E+22
    691    1305.000  0.565171E+25  0.140617E+22
    692    1310.000  0.566364E+25  0.141608E+22
    693    1315.000  0.567546E+25  0.142602E+22
    694    1320.000  0.568717E+25  0.143598E+22
    695    1325.000  0.569876E+25  0.144595E+22
    696    1330.000  0.571025E+25  0.145595E+22
    697    1335.000  0.572162E+25  0.146597E+22
    698    1340.000  0.573287E+25  0.147601E+22
    699    1345.000  0.574401E+25  0.148607E+22
    700    1350.000  0.575504E+25  0.149614E+22
    701    1355.000  0.576594E+25  0.150624E+22
    702    1360.000  0.577673E+25  0.151635E+22
    703    1365.000  0.578740E+25  0.152649E+22
    704    1370.000  0.579795E+25  0.153664E+22
    705    1375.000  0.580838E+25  0.154681E+22
    706    1380.000  0.581869E+25  0.155700E+22
    707    1385.000  0.582888E+25  0.156721E+22
    708    1390.000  0.583894E+25  0.157744E+22
    709    1395.000  0.584888E+25  0.158768E+22
    710    1400.000  0.585869E+25  0.159794E+22
    711    1405.000  0.586838E+25  0.160822E+22
    712    1410.000  0.587794E+25  0.161852E+22
    713    1415.000  0.588737E+25  0.162883E+22
    714    1420.000  0.589668E+25  0.163916E+22
    715    1425.000  0.590586E+25  0.164950E+22
    716    1430.000  0.591491E+25  0.165987E+22
    717    1435.000  0.592383E+25  0.167024E+22
    718    1440.000  0.593261E+25  0.168064E+22
    719    1445.000  0.594127E+25  0.169104E+22
    720    1450.000  0.594980E+25  0.170147E+22
    721    1455.000  0.595820E+25  0.171190E+22
    722    1460.000  0.596646E+25  0.172236E+22
    723    1465.000  0.597459E+25  0.173283E+22
    724    1470.000  0.598259E+25  0.174331E+22
    725    1475.000  0.599046E+25  0.175380E+22
    726    1480.000  0.599819E+25  0.176431E+22
    727    1485.000  0.600579E+25  0.177484E+22
    728    1490.000  0.601326E+25  0.178537E+22
    729    1495.000  0.602059E+25  0.179592E+22
    730    1500.000  0.602779E+25  0.180648E+22
    731    1505.000  0.603486E+25  0.181706E+22
    732    1510.000  0.604179E+25  0.182765E+22
    733    1515.000  0.604859E+25  0.183825E+22
    734    1520.000  0.605525E+25  0.184886E+22
    735    1525.000  0.606178E+25  0.185948E+22
    736    1530.000  0.606817E+25  0.187012E+22
    737    1535.000  0.607443E+25  0.188076E+22
    738    1540.000  0.608056E+25  0.189142E+22
    739    1545.000  0.608654E+25  0.190209E+22
    740    1550.000  0.609240E+25  0.191276E+22
    741    1555.000  0.609812E+25  0.192345E+22
    742    1560.000  0.610370E+25  0.193415E+22
    743    1565.000  0.610915E+25  0.194486E+22
    744    1570.000  0.611446E+25  0.195558E+22
    745    1575.000  0.611964E+25  0.196631E+22
    746    1580.000  0.612468E+25  0.197704E+22
    747    1585.000  0.612959E+25  0.198779E+22
    748    1590.000  0.613437E+25  0.199854E+22
    749    1595.000  0.613900E+25  0.200930E+22
    750    1600.000  0.614350E+25  0.202007E+22
    751    1605.000  0.614787E+25  0.203085E+22
    752    1610.000  0.615210E+25  0.204164E+22
    753    1615.000  0.615620E+25  0.205243E+22
    754    1620.000  0.616016E+25  0.206323E+22
    755    1625.000  0.616398E+25  0.207404E+22
    756    1630.000  0.616767E+25  0.208485E+22
    757    1635.000  0.617123E+25  0.209567E+22
    758    1640.000  0.617465E+25  0.210650E+22
    759    1645.000  0.617793E+25  0.211733E+22
    760    1650.000  0.618108E+25  0.212817E+22
    761    1655.000  0.618409E+25  0.213901E+22
    762    1660.000  0.618697E+25  0.214986E+22
    763    1665.000  0.618971E+25  0.216072E+22
    764    1670.000  0.619232E+25  0.217158E+22
    765    1675.000  0.619479E+25  0.218244E+22
    766    1680.000  0.619712E+25  0.219331E+22
    767    1685.000  0.619932E+25  0.220418E+22
    768    1690.000  0.620139E+25  0.221506E+22
    769    1695.000  0.620332E+25  0.222594E+22
    770    1700.000  0.620511E+25  0.223682E+22
    771    1705.000  0.620677E+25  0.224771E+22
    772    1710.000  0.620830E+25  0.225859E+22
    773    1715.000  0.620969E+25  0.226949E+22
    774    1720.000  0.621094E+25  0.228038E+22
    775    1725.000  0.621206E+25  0.229128E+22
    776    1730.000  0.621304E+25  0.230218E+22
    777    1735.000  0.621389E+25  0.231308E+22
    778    1740.000  0.621461E+25  0.232398E+22
    779    1745.000  0.621519E+25  0.233488E+22
    780    1750.000  0.621563E+25  0.234578E+22
    781    1755.000  0.621595E+25  0.235669E+22
    782    1760.000  0.621612E+25  0.236759E+22
    783    1765.000  0.621616E+25  0.237850E+22
    784    1770.000  0.621607E+25  0.238940E+22
    785    1775.000  0.621584E+25  0.240031E+22
    786    1780.000  0.621548E+25  0.241122E+22
    787    1785.000  0.621498E+25  0.242212E+22
    788    1790.000  0.621435E+25  0.243302E+22
    789    1795.000  0.621359E+25  0.244393E+22
    790    1800.000  0.621269E+25  0.245483E+22
    791    1805.000  0.621165E+25  0.246573E+22
    792    1810.000  0.621048E+25  0.247662E+22
    793    1815.000  0.620918E+25  0.248752E+22
    794    1820.000  0.620774E+25  0.249841E+22
    795    1825.000  0.620617E+25  0.250930E+22
    796    1830.000  0.620446E+25  0.252019E+22
    797    1835.000  0.620262E+25  0.253108E+22
    798    1840.000  0.620064E+25  0.254196E+22
    799    1845.000  0.619853E+25  0.255284E+22
    800    1850.000  0.619629E+25  0.256371E+22
    801    1855.000  0.619391E+25  0.257458E+22
    802    1860.000  0.619139E+25  0.258545E+22
    803    1865.000  0.618874E+25  0.259631E+22
    804    1870.000  0.618595E+25  0.260717E+22
    805    1875.000  0.618303E+25  0.261802E+22
    806    1880.000  0.617997E+25  0.262887E+22
    807    1885.000  0.617678E+25  0.263971E+22
    808    1890.000  0.617345E+25  0.265055E+22
    809    1895.000  0.616999E+25  0.266138E+22
    810    1900.000  0.616638E+25  0.267220E+22
    811    1905.000  0.616265E+25  0.268302E+22
    812    1910.000  0.615877E+25  0.269383E+22
    813    1915.000  0.615476E+25  0.270464E+22
    814    1920.000  0.615061E+25  0.271543E+22
    815    1925.000  0.614632E+25  0.272623E+22
    816    1930.000  0.614189E+25  0.273701E+22
    817    1935.000  0.613733E+25  0.274778E+22
    818    1940.000  0.613263E+25  0.275855E+22
    819    1945.000  0.612778E+25  0.276931E+22
    820    1950.000  0.612280E+25  0.278006E+22
    821    1955.000  0.611768E+25  0.279080E+22
    822    1960.000  0.611242E+25  0.280153E+22
    823    1965.000  0.610701E+25  0.281226E+22
    824    1970.000  0.610147E+25  0.282297E+22
    825    1975.000  0.609579E+25  0.283368E+22
    826    1980.000  0.608996E+25  0.284437E+22
    827    1985.000  0.608399E+25  0.285506E+22
    828    1990.000  0.607787E+25  0.286573E+22
    829    1995.000  0.607161E+25  0.287639E+22
    830    2000.000  0.606521E+25  0.288704E+22
    831    2005.000  0.605866E+25  0.289768E+22
    832    2010.000  0.605197E+25  0.290831E+22
    833    2015.000  0.604513E+25  0.291893E+22
    834    2020.000  0.603814E+25  0.292954E+22
    835    2025.000  0.603100E+25  0.294013E+22
    836    2030.000  0.602371E+25  0.295071E+22
    837    2035.000  0.601627E+25  0.296128E+22
    838    2040.000  0.600868E+25  0.297183E+22
    839    2045.000  0.600094E+25  0.298238E+22
    840    2050.000  0.599305E+25  0.299290E+22
    841    2055.000  0.598500E+25  0.300342E+22
    842    2060.000  0.597679E+25  0.301392E+22
    843    2065.000  0.596843E+25  0.302440E+22
    844    2070.000  0.595991E+25  0.303487E+22
    845    2075.000  0.595123E+25  0.304533E+22
    846    2080.000  0.594238E+25  0.305577E+22
    847    2085.000  0.593338E+25  0.306620E+22
    848    2090.000  0.592421E+25  0.307661E+22
    849    2095.000  0.591487E+25  0.308700E+22
    850    2100.000  0.590537E+25  0.309738E+22
    851    2105.000  0.589569E+25  0.310774E+22
    852    2110.000  0.588585E+25  0.311808E+22
    853    2115.000  0.587582E+25  0.312841E+22
    854    2120.000  0.586563E+25  0.313871E+22
    855    2125.000  0.585525E+25  0.314900E+22
    856    2130.000  0.584469E+25  0.315928E+22
    857    2135.000  0.583395E+25  0.316953E+22
    858    2140.000  0.582302E+25  0.317977E+22
    859    2145.000  0.581189E+25  0.318998E+22
    860    2150.000  0.580058E+25  0.320018E+22
    861    2155.000  0.578906E+25  0.321035E+22
    862    2160.000  0.577735E+25  0.322051E+22
    863    2165.000  0.576542E+25  0.323065E+22
    864    2170.000  0.575329E+25  0.324076E+22
    865    2175.000  0.574094E+25  0.325086E+22
    866    2180.000  0.572837E+25  0.326093E+22
    867    2185.000  0.571557E+25  0.327098E+22
    868    2190.000  0.570253E+25  0.328100E+22
    869    2195.000  0.568924E+25  0.329101E+22
    870    2200.000  0.567570E+25  0.330099E+22
    871    2205.000  0.566189E+25  0.331095E+22
    872    2210.000  0.564780E+25  0.332088E+22
    873    2215.000  0.563341E+25  0.333079E+22
    874    2220.000  0.561868E+25  0.334067E+22
    875    2225.000  0.560358E+25  0.335053E+22
    876    2230.000  0.558807E+25  0.336036E+22
    877    2235.000  0.557234E+25  0.337016E+22
    878    2240.000  0.555932E+25  0.337994E+22
    879    2245.000  0.554612E+25  0.338969E+22
    880    2250.000  0.553270E+25  0.339942E+22
    881    2255.000  0.551908E+25  0.340913E+22
    882    2260.000  0.550521E+25  0.341881E+22
    883    2265.000  0.549109E+25  0.342847E+22
    884    2270.000  0.547669E+25  0.343810E+22
    885    2275.000  0.546199E+25  0.344771E+22
    886    2280.000  0.544698E+25  0.345729E+22
    887    2285.000  0.543163E+25  0.346685E+22
    888    2290.000  0.541593E+25  0.347638E+22
    889    2295.000  0.539984E+25  0.348588E+22
    890    2300.000  0.538335E+25  0.349536E+22
    891    2305.000  0.536642E+25  0.350480E+22
    892    2310.000  0.534898E+25  0.351421E+22
    893    2315.000  0.533117E+25  0.352360E+22
    894    2320.000  0.531556E+25  0.353295E+22
    895    2325.000  0.529969E+25  0.354228E+22
    896    2330.000  0.528344E+25  0.355158E+22
    897    2335.000  0.526679E+25  0.356084E+22
    898    2340.000  0.524969E+25  0.357008E+22
    899    2345.000  0.523210E+25  0.357929E+22
    900    2350.000  0.521395E+25  0.358847E+22
    901    2355.000  0.519513E+25  0.359762E+22
    902    2360.000  0.517553E+25  0.360673E+22
    903    2365.000  0.515575E+25  0.361581E+22
    904    2370.000  0.514053E+25  0.362486E+22
    905    2375.000  0.512500E+25  0.363388E+22
    906    2380.000  0.511167E+25  0.364287E+22
    907    2385.000  0.509830E+25  0.365184E+22
    908    2390.000  0.508457E+25  0.366078E+22
    909    2395.000  0.507041E+25  0.366970E+22
    910    2400.000  0.505574E+25  0.367860E+22
    911    2405.000  0.504051E+25  0.368747E+22
    912    2410.000  0.502678E+25  0.369631E+22
    913    2415.000  0.501321E+25  0.370513E+22
    914    2420.000  0.499906E+25  0.371392E+22
    915    2425.000  0.498619E+25  0.372270E+22
    916    2430.000  0.497418E+25  0.373144E+22
    917    2435.000  0.496449E+25  0.374017E+22
    918    2440.000  0.495455E+25  0.374888E+22
    919    2445.000  0.494435E+25  0.375757E+22
    920    2450.000  0.493388E+25  0.376625E+22
    921    2455.000  0.492310E+25  0.377490E+22
    922    2460.000  0.491198E+25  0.378354E+22
    923    2465.000  0.490049E+25  0.379216E+22
    924    2470.000  0.488859E+25  0.380075E+22
    925    2475.000  0.487626E+25  0.380933E+22
    926    2480.000  0.486345E+25  0.381788E+22
    927    2485.000  0.485018E+25  0.382642E+22
    928    2490.000  0.483842E+25  0.383493E+22
    929    2495.000  0.482679E+25  0.384341E+22
    930    2500.000  0.481481E+25  0.385188E+22
    931    2505.000  0.480247E+25  0.386033E+22
    932    2510.000  0.478975E+25  0.386876E+22
    933    2515.000  0.477664E+25  0.387716E+22
    934    2520.000  0.476310E+25  0.388554E+22
    935    2525.000  0.474911E+25  0.389389E+22
    936    2530.000  0.473462E+25  0.390223E+22
    937    2535.000  0.471957E+25  0.391053E+22
    938    2540.000  0.470395E+25  0.391881E+22
    939    2545.000  0.468980E+25  0.392707E+22
    940    2550.000  0.467599E+25  0.393529E+22
