       time
total_abl_r
total_abl_n
      1       0.001  0.000000E+00  0.000000E+00
      2       0.002  0.000000E+00  0.000000E+00
      3       0.003  0.000000E+00  0.000000E+00
      4       0.004  0.000000E+00  0.000000E+00
      5       0.005  0.000000E+00  0.000000E+00
      6       0.006  0.000000E+00  0.000000E+00
      7       0.007  0.000000E+00  0.000000E+00
      8       0.008  0.000000E+00  0.000000E+00
      9       0.009  0.000000E+00  0.000000E+00
     10       0.010  0.000000E+00  0.000000E+00
     11       0.011  0.000000E+00  0.000000E+00
     12       0.012  0.000000E+00  0.000000E+00
     13       0.013  0.000000E+00  0.000000E+00
     14       0.014  0.000000E+00  0.000000E+00
     15       0.015  0.000000E+00  0.000000E+00
     16       0.016  0.000000E+00  0.000000E+00
     17       0.017  0.000000E+00  0.000000E+00
     18       0.018  0.000000E+00  0.000000E+00
     19       0.019  0.000000E+00  0.000000E+00
     20       0.020  0.000000E+00  0.000000E+00
     21       0.021  0.000000E+00  0.000000E+00
     22       0.022  0.000000E+00  0.000000E+00
     23       0.023  0.000000E+00  0.000000E+00
     24       0.024  0.000000E+00  0.000000E+00
     25       0.025  0.000000E+00  0.000000E+00
     26       0.026  0.000000E+00  0.000000E+00
     27       0.027  0.000000E+00  0.000000E+00
     28       0.028  0.000000E+00  0.000000E+00
     29       0.029  0.000000E+00  0.000000E+00
     30       0.030  0.000000E+00  0.000000E+00
     31       0.031  0.000000E+00  0.000000E+00
     32       0.032  0.000000E+00  0.000000E+00
     33       0.033  0.000000E+00  0.000000E+00
     34       0.034  0.000000E+00  0.000000E+00
     35       0.035  0.000000E+00  0.000000E+00
     36       0.036  0.000000E+00  0.000000E+00
     37       0.037  0.000000E+00  0.000000E+00
     38       0.038  0.000000E+00  0.000000E+00
     39       0.039  0.000000E+00  0.000000E+00
     40       0.040  0.000000E+00  0.000000E+00
     41       0.041  0.000000E+00  0.000000E+00
     42       0.042  0.000000E+00  0.000000E+00
     43       0.043  0.000000E+00  0.000000E+00
     44       0.044  0.000000E+00  0.000000E+00
     45       0.045  0.000000E+00  0.000000E+00
     46       0.046  0.000000E+00  0.000000E+00
     47       0.047  0.000000E+00  0.000000E+00
     48       0.048  0.000000E+00  0.000000E+00
     49       0.049  0.000000E+00  0.000000E+00
     50       0.050  0.000000E+00  0.000000E+00
     51       0.060  0.000000E+00  0.000000E+00
     52       0.070  0.000000E+00  0.000000E+00
     53       0.080  0.000000E+00  0.000000E+00
     54       0.090  0.000000E+00  0.000000E+00
     55       0.100  0.000000E+00  0.000000E+00
     56       0.110  0.000000E+00  0.000000E+00
     57       0.120  0.000000E+00  0.000000E+00
     58       0.130  0.000000E+00  0.000000E+00
     59       0.140  0.000000E+00  0.000000E+00
     60       0.150  0.000000E+00  0.000000E+00
     61       0.160  0.000000E+00  0.000000E+00
     62       0.170  0.000000E+00  0.000000E+00
     63       0.180  0.000000E+00  0.000000E+00
     64       0.190  0.000000E+00  0.000000E+00
     65       0.200  0.000000E+00  0.000000E+00
     66       0.210  0.000000E+00  0.000000E+00
     67       0.220  0.000000E+00  0.000000E+00
     68       0.230  0.000000E+00  0.000000E+00
     69       0.240  0.000000E+00  0.000000E+00
     70       0.250  0.000000E+00  0.000000E+00
     71       0.260  0.000000E+00  0.000000E+00
     72       0.270  0.000000E+00  0.000000E+00
     73       0.280  0.000000E+00  0.000000E+00
     74       0.290  0.000000E+00  0.000000E+00
     75       0.300  0.000000E+00  0.000000E+00
     76       0.310  0.000000E+00  0.000000E+00
     77       0.320  0.000000E+00  0.000000E+00
     78       0.330  0.000000E+00  0.000000E+00
     79       0.340  0.000000E+00  0.000000E+00
     80       0.350  0.000000E+00  0.000000E+00
     81       0.360  0.000000E+00  0.000000E+00
     82       0.370  0.000000E+00  0.000000E+00
     83       0.380  0.000000E+00  0.000000E+00
     84       0.390  0.000000E+00  0.000000E+00
     85       0.400  0.000000E+00  0.000000E+00
     86       0.410  0.000000E+00  0.000000E+00
     87       0.420  0.000000E+00  0.000000E+00
     88       0.430  0.000000E+00  0.000000E+00
     89       0.440  0.000000E+00  0.000000E+00
     90       0.450  0.000000E+00  0.000000E+00
     91       0.460  0.000000E+00  0.000000E+00
     92       0.470  0.000000E+00  0.000000E+00
     93       0.480  0.000000E+00  0.000000E+00
     94       0.490  0.000000E+00  0.000000E+00
     95       0.500  0.000000E+00  0.000000E+00
     96       0.510  0.000000E+00  0.000000E+00
     97       0.520  0.000000E+00  0.000000E+00
     98       0.530  0.000000E+00  0.000000E+00
     99       0.540  0.000000E+00  0.000000E+00
    100       0.550  0.000000E+00  0.000000E+00
    101       0.650  0.000000E+00  0.000000E+00
    102       0.750  0.000000E+00  0.000000E+00
    103       0.850  0.000000E+00  0.000000E+00
    104       0.950  0.000000E+00  0.000000E+00
    105       1.050  0.000000E+00  0.000000E+00
    106       1.150  0.000000E+00  0.000000E+00
    107       1.250  0.000000E+00  0.000000E+00
    108       1.350  0.000000E+00  0.000000E+00
    109       1.450  0.000000E+00  0.000000E+00
    110       1.550  0.000000E+00  0.000000E+00
    111       1.650  0.000000E+00  0.000000E+00
    112       1.750  0.000000E+00  0.000000E+00
    113       1.850  0.000000E+00  0.000000E+00
    114       1.950  0.000000E+00  0.000000E+00
    115       2.050  0.000000E+00  0.000000E+00
    116       2.150  0.000000E+00  0.000000E+00
    117       2.250  0.000000E+00  0.000000E+00
    118       2.350  0.000000E+00  0.000000E+00
    119       2.450  0.000000E+00  0.000000E+00
    120       2.550  0.000000E+00  0.000000E+00
    121       2.650  0.000000E+00  0.000000E+00
    122       2.750  0.000000E+00  0.000000E+00
    123       2.850  0.000000E+00  0.000000E+00
    124       2.950  0.000000E+00  0.000000E+00
    125       3.050  0.000000E+00  0.000000E+00
    126       3.150  0.000000E+00  0.000000E+00
    127       3.250  0.000000E+00  0.000000E+00
    128       3.350  0.000000E+00  0.000000E+00
    129       3.450  0.000000E+00  0.000000E+00
    130       3.550  0.000000E+00  0.000000E+00
    131       3.650  0.000000E+00  0.000000E+00
    132       3.750  0.000000E+00  0.000000E+00
    133       3.850  0.000000E+00  0.000000E+00
    134       3.950  0.000000E+00  0.000000E+00
    135       4.050  0.000000E+00  0.000000E+00
    136       4.150  0.000000E+00  0.000000E+00
    137       4.250  0.000000E+00  0.000000E+00
    138       4.350  0.000000E+00  0.000000E+00
    139       4.450  0.000000E+00  0.000000E+00
    140       4.550  0.000000E+00  0.000000E+00
    141       4.650  0.000000E+00  0.000000E+00
    142       4.750  0.000000E+00  0.000000E+00
    143       4.850  0.000000E+00  0.000000E+00
    144       4.950  0.000000E+00  0.000000E+00
    145       5.050  0.000000E+00  0.000000E+00
    146       5.150  0.000000E+00  0.000000E+00
    147       5.250  0.000000E+00  0.000000E+00
    148       5.350  0.000000E+00  0.000000E+00
    149       5.450  0.000000E+00  0.000000E+00
    150       5.550  0.000000E+00  0.000000E+00
    151       6.050  0.000000E+00  0.000000E+00
    152       6.550  0.000000E+00  0.000000E+00
    153       7.050  0.000000E+00  0.000000E+00
    154       7.550  0.000000E+00  0.000000E+00
    155       8.050  0.000000E+00  0.000000E+00
    156       8.550  0.000000E+00  0.000000E+00
    157       9.050  0.000000E+00  0.000000E+00
    158       9.550  0.000000E+00  0.000000E+00
    159      10.050  0.000000E+00  0.000000E+00
    160      10.550  0.000000E+00  0.000000E+00
    161      11.050  0.000000E+00  0.000000E+00
    162      11.550  0.000000E+00  0.000000E+00
    163      12.050  0.000000E+00  0.000000E+00
    164      12.550  0.000000E+00  0.000000E+00
    165      13.050  0.000000E+00  0.000000E+00
    166      13.550  0.000000E+00  0.000000E+00
    167      14.050  0.000000E+00  0.000000E+00
    168      14.550  0.000000E+00  0.000000E+00
    169      15.050  0.000000E+00  0.000000E+00
    170      15.550  0.000000E+00  0.000000E+00
    171      16.050  0.000000E+00  0.000000E+00
    172      16.550  0.000000E+00  0.000000E+00
    173      17.050  0.000000E+00  0.000000E+00
    174      17.550  0.000000E+00  0.000000E+00
    175      18.050  0.000000E+00  0.000000E+00
    176      18.550  0.000000E+00  0.000000E+00
    177      19.050  0.000000E+00  0.000000E+00
    178      19.550  0.000000E+00  0.000000E+00
    179      20.050  0.000000E+00  0.000000E+00
    180      20.550  0.000000E+00  0.000000E+00
    181      21.050  0.000000E+00  0.000000E+00
    182      21.550  0.000000E+00  0.000000E+00
    183      22.050  0.000000E+00  0.000000E+00
    184      22.550  0.000000E+00  0.000000E+00
    185      23.050  0.000000E+00  0.000000E+00
    186      23.550  0.000000E+00  0.000000E+00
    187      24.050  0.000000E+00  0.000000E+00
    188      24.550  0.000000E+00  0.000000E+00
    189      25.050  0.000000E+00  0.000000E+00
    190      25.550  0.000000E+00  0.000000E+00
    191      26.050  0.000000E+00  0.000000E+00
    192      26.550  0.000000E+00  0.000000E+00
    193      27.050  0.000000E+00  0.000000E+00
    194      27.550  0.000000E+00  0.000000E+00
    195      28.050  0.000000E+00  0.000000E+00
    196      28.550  0.000000E+00  0.000000E+00
    197      29.050  0.000000E+00  0.000000E+00
    198      29.550  0.000000E+00  0.000000E+00
    199      30.050  0.000000E+00  0.000000E+00
    200      30.550  0.000000E+00  0.000000E+00
    201      31.050  0.000000E+00  0.000000E+00
    202      31.550  0.000000E+00  0.000000E+00
    203      32.050  0.000000E+00  0.000000E+00
    204      32.550  0.000000E+00  0.000000E+00
    205      33.050  0.000000E+00  0.000000E+00
    206      33.550  0.000000E+00  0.000000E+00
    207      34.050  0.000000E+00  0.000000E+00
    208      34.550  0.000000E+00  0.000000E+00
    209      35.050  0.000000E+00  0.000000E+00
    210      35.550  0.000000E+00  0.000000E+00
    211      36.050  0.000000E+00  0.000000E+00
    212      36.550  0.000000E+00  0.000000E+00
    213      37.050  0.000000E+00  0.000000E+00
    214      37.550  0.000000E+00  0.000000E+00
    215      38.050  0.000000E+00  0.000000E+00
    216      38.550  0.000000E+00  0.000000E+00
    217      39.050  0.000000E+00  0.000000E+00
    218      39.550  0.000000E+00  0.000000E+00
    219      40.050  0.000000E+00  0.000000E+00
    220      40.550  0.000000E+00  0.000000E+00
    221      41.050  0.000000E+00  0.000000E+00
    222      41.550  0.000000E+00  0.000000E+00
    223      42.050  0.000000E+00  0.000000E+00
    224      42.550  0.000000E+00  0.000000E+00
    225      43.050  0.000000E+00  0.000000E+00
    226      43.550  0.000000E+00  0.000000E+00
    227      44.050  0.000000E+00  0.000000E+00
    228      44.550  0.000000E+00  0.000000E+00
    229      45.050  0.000000E+00  0.000000E+00
    230      45.550  0.000000E+00  0.000000E+00
    231      46.050  0.000000E+00  0.000000E+00
    232      46.550  0.000000E+00  0.000000E+00
    233      47.050  0.000000E+00  0.000000E+00
    234      47.550  0.000000E+00  0.000000E+00
    235      48.050  0.000000E+00  0.000000E+00
    236      48.550  0.000000E+00  0.000000E+00
    237      49.050  0.000000E+00  0.000000E+00
    238      49.550  0.000000E+00  0.000000E+00
    239      50.050  0.000000E+00  0.000000E+00
    240      50.550  0.000000E+00  0.000000E+00
    241      51.050  0.000000E+00  0.000000E+00
    242      51.550  0.000000E+00  0.000000E+00
    243      52.050  0.000000E+00  0.000000E+00
    244      52.550  0.000000E+00  0.000000E+00
    245      53.050  0.000000E+00  0.000000E+00
    246      53.550  0.000000E+00  0.000000E+00
    247      54.050  0.000000E+00  0.000000E+00
    248      54.550  0.000000E+00  0.000000E+00
    249      55.050  0.000000E+00  0.000000E+00
    250      55.550  0.000000E+00  0.000000E+00
    251      56.550  0.000000E+00  0.000000E+00
    252      57.550  0.000000E+00  0.000000E+00
    253      58.550  0.000000E+00  0.000000E+00
    254      59.550  0.000000E+00  0.000000E+00
    255      60.550  0.000000E+00  0.000000E+00
    256      61.550  0.000000E+00  0.000000E+00
    257      62.550  0.000000E+00  0.000000E+00
    258      63.550  0.000000E+00  0.000000E+00
    259      64.550  0.000000E+00  0.000000E+00
    260      65.550  0.000000E+00  0.000000E+00
    261      66.550  0.000000E+00  0.000000E+00
    262      67.550  0.000000E+00  0.000000E+00
    263      68.550  0.000000E+00  0.000000E+00
    264      69.550  0.000000E+00  0.000000E+00
    265      70.550  0.000000E+00  0.000000E+00
    266      71.550  0.000000E+00  0.000000E+00
    267      72.550  0.000000E+00  0.000000E+00
    268      73.550  0.000000E+00  0.000000E+00
    269      74.550  0.000000E+00  0.000000E+00
    270      75.550  0.000000E+00  0.000000E+00
    271      76.550  0.000000E+00  0.000000E+00
    272      77.550  0.000000E+00  0.000000E+00
    273      78.550  0.000000E+00  0.000000E+00
    274      79.550  0.000000E+00  0.000000E+00
    275      80.550  0.000000E+00  0.000000E+00
    276      81.550  0.000000E+00  0.000000E+00
    277      82.550  0.000000E+00  0.000000E+00
    278      83.550  0.000000E+00  0.000000E+00
    279      84.550  0.000000E+00  0.000000E+00
    280      85.550  0.000000E+00  0.000000E+00
    281      86.550  0.000000E+00  0.000000E+00
    282      87.550  0.000000E+00  0.000000E+00
    283      88.550  0.000000E+00  0.000000E+00
    284      89.550  0.000000E+00  0.000000E+00
    285      90.550  0.000000E+00  0.000000E+00
    286      91.550  0.000000E+00  0.000000E+00
    287      92.550  0.000000E+00  0.000000E+00
    288      93.550  0.000000E+00  0.000000E+00
    289      94.550  0.000000E+00  0.000000E+00
    290      95.550  0.000000E+00  0.000000E+00
    291      96.550  0.000000E+00  0.000000E+00
    292      97.550  0.000000E+00  0.000000E+00
    293      98.550  0.000000E+00  0.000000E+00
    294      99.550  0.000000E+00  0.000000E+00
    295     100.550  0.000000E+00  0.000000E+00
    296     101.550  0.000000E+00  0.000000E+00
    297     102.550  0.000000E+00  0.000000E+00
    298     103.550  0.000000E+00  0.000000E+00
    299     104.550  0.000000E+00  0.000000E+00
    300     105.550  0.000000E+00  0.000000E+00
    301     105.551  0.469757E+25  0.000000E+00
    302     105.552  0.469795E+25  0.164827E+16
    303     105.553  0.469810E+25  0.329668E+16
    304     105.554  0.469818E+25  0.494514E+16
    305     105.555  0.469823E+25  0.659363E+16
    306     105.556  0.469828E+25  0.824213E+16
    307     105.557  0.469833E+25  0.989066E+16
    308     105.558  0.469838E+25  0.115392E+17
    309     105.559  0.469843E+25  0.131878E+17
    310     105.560  0.469848E+25  0.148363E+17
    311     105.561  0.469854E+25  0.164849E+17
    312     105.562  0.469859E+25  0.181335E+17
    313     105.563  0.469864E+25  0.197822E+17
    314     105.564  0.469870E+25  0.214308E+17
    315     105.565  0.469876E+25  0.230795E+17
    316     105.566  0.469881E+25  0.247282E+17
    317     105.567  0.469887E+25  0.263769E+17
    318     105.568  0.469893E+25  0.280256E+17
    319     105.569  0.469899E+25  0.296744E+17
    320     105.570  0.469906E+25  0.313232E+17
    321     105.571  0.469912E+25  0.329720E+17
    322     105.572  0.469918E+25  0.346208E+17
    323     105.573  0.469925E+25  0.362696E+17
    324     105.574  0.469932E+25  0.379185E+17
    325     105.575  0.469938E+25  0.395674E+17
    326     105.576  0.469945E+25  0.412163E+17
    327     105.577  0.469952E+25  0.428652E+17
    328     105.578  0.469959E+25  0.445142E+17
    329     105.579  0.469967E+25  0.461632E+17
    330     105.580  0.469974E+25  0.478122E+17
    331     105.581  0.469981E+25  0.494612E+17
    332     105.582  0.469989E+25  0.511103E+17
    333     105.583  0.469996E+25  0.527593E+17
    334     105.584  0.470004E+25  0.544085E+17
    335     105.585  0.470012E+25  0.560576E+17
    336     105.586  0.470020E+25  0.577068E+17
    337     105.587  0.470028E+25  0.593560E+17
    338     105.588  0.470036E+25  0.610052E+17
    339     105.589  0.470044E+25  0.626544E+17
    340     105.590  0.470052E+25  0.643037E+17
    341     105.591  0.470061E+25  0.659530E+17
    342     105.592  0.470069E+25  0.676024E+17
    343     105.593  0.470078E+25  0.692517E+17
    344     105.594  0.470086E+25  0.709011E+17
    345     105.595  0.470095E+25  0.725506E+17
    346     105.596  0.470104E+25  0.742000E+17
    347     105.597  0.470113E+25  0.758495E+17
    348     105.598  0.470122E+25  0.774990E+17
    349     105.599  0.470131E+25  0.791486E+17
    350     105.600  0.470140E+25  0.807982E+17
    351     105.610  0.470196E+25  0.972944E+17
    352     105.620  0.470281E+25  0.113793E+18
    353     105.630  0.470379E+25  0.130294E+18
    354     105.640  0.470487E+25  0.146798E+18
    355     105.650  0.470603E+25  0.163307E+18
    356     105.660  0.470727E+25  0.179819E+18
    357     105.670  0.470857E+25  0.196336E+18
    358     105.680  0.470994E+25  0.212857E+18
    359     105.690  0.471138E+25  0.229383E+18
    360     105.700  0.471288E+25  0.245914E+18
    361     105.710  0.471444E+25  0.262451E+18
    362     105.720  0.471606E+25  0.278993E+18
    363     105.730  0.471774E+25  0.295540E+18
    364     105.740  0.471947E+25  0.312094E+18
    365     105.750  0.472126E+25  0.328654E+18
    366     105.760  0.472311E+25  0.345219E+18
    367     105.770  0.472500E+25  0.361792E+18
    368     105.780  0.472695E+25  0.378371E+18
    369     105.790  0.472895E+25  0.394957E+18
    370     105.800  0.473100E+25  0.411549E+18
    371     105.810  0.473309E+25  0.428150E+18
    372     105.820  0.473524E+25  0.444757E+18
    373     105.830  0.473742E+25  0.461372E+18
    374     105.840  0.473966E+25  0.477994E+18
    375     105.850  0.474194E+25  0.494625E+18
    376     105.860  0.474426E+25  0.511263E+18
    377     105.870  0.474662E+25  0.527910E+18
    378     105.880  0.474902E+25  0.544565E+18
    379     105.890  0.475146E+25  0.561228E+18
    380     105.900  0.475395E+25  0.577900E+18
    381     105.910  0.475647E+25  0.594580E+18
    382     105.920  0.475903E+25  0.611270E+18
    383     105.930  0.476163E+25  0.627968E+18
    384     105.940  0.476426E+25  0.644676E+18
    385     105.950  0.476693E+25  0.661392E+18
    386     105.960  0.476963E+25  0.678118E+18
    387     105.970  0.477237E+25  0.694854E+18
    388     105.980  0.477514E+25  0.711599E+18
    389     105.990  0.477795E+25  0.728354E+18
    390     106.000  0.478079E+25  0.745119E+18
    391     106.100  0.478844E+25  0.912866E+18
    392     106.200  0.481163E+25  0.108088E+19
    393     106.300  0.484144E+25  0.124971E+19
    394     106.400  0.487484E+25  0.141959E+19
    395     106.500  0.491069E+25  0.159063E+19
    396     106.600  0.494845E+25  0.176294E+19
    397     106.700  0.498785E+25  0.193657E+19
    398     106.800  0.502867E+25  0.211158E+19
    399     106.900  0.507074E+25  0.228803E+19
    400     107.000  0.511395E+25  0.246595E+19
    401     107.100  0.515819E+25  0.264539E+19
    402     107.200  0.520336E+25  0.282638E+19
    403     107.300  0.524939E+25  0.300895E+19
    404     107.400  0.529620E+25  0.319314E+19
    405     107.500  0.534374E+25  0.337897E+19
    406     107.600  0.539194E+25  0.356647E+19
    407     107.700  0.544077E+25  0.375566E+19
    408     107.800  0.549017E+25  0.394657E+19
    409     107.900  0.554011E+25  0.413921E+19
    410     108.000  0.559054E+25  0.433360E+19
    411     108.100  0.564143E+25  0.452976E+19
    412     108.200  0.569275E+25  0.472770E+19
    413     108.300  0.574446E+25  0.492745E+19
    414     108.400  0.579653E+25  0.512901E+19
    415     108.500  0.584893E+25  0.533240E+19
    416     108.600  0.590164E+25  0.553762E+19
    417     108.700  0.595462E+25  0.574470E+19
    418     108.800  0.600785E+25  0.595363E+19
    419     108.900  0.606130E+25  0.616443E+19
    420     109.000  0.611494E+25  0.637711E+19
    421     109.100  0.616876E+25  0.659167E+19
    422     109.200  0.622287E+25  0.680812E+19
    423     109.300  0.627693E+25  0.702647E+19
    424     109.400  0.633109E+25  0.724671E+19
    425     109.500  0.638530E+25  0.746885E+19
    426     109.600  0.643954E+25  0.769290E+19
    427     109.700  0.649380E+25  0.791885E+19
    428     109.800  0.654803E+25  0.814670E+19
    429     109.900  0.660221E+25  0.837646E+19
    430     110.000  0.665632E+25  0.860812E+19
    431     111.000  0.677560E+25  0.109437E+20
    432     112.000  0.718783E+25  0.133211E+20
    433     113.000  0.763121E+25  0.158431E+20
    434     114.000  0.801094E+25  0.185208E+20
    435     115.000  0.829320E+25  0.213316E+20
    436     116.000  0.845929E+25  0.242415E+20
    437     117.000  0.849933E+25  0.272097E+20
    438     118.000  0.841780E+25  0.301919E+20
    439     119.000  0.823600E+25  0.331456E+20
    440     120.000  0.798655E+25  0.360354E+20
    441     121.000  0.770426E+25  0.388377E+20
    442     122.000  0.741753E+25  0.415410E+20
    443     123.000  0.714487E+25  0.441436E+20
    444     124.000  0.689629E+25  0.466506E+20
    445     125.000  0.667575E+25  0.490703E+20
    446     126.000  0.648317E+25  0.514127E+20
    447     127.000  0.631723E+25  0.536875E+20
    448     128.000  0.617577E+25  0.559041E+20
    449     129.000  0.605576E+25  0.580710E+20
    450     130.000  0.595480E+25  0.601959E+20
    451     131.750  0.593853E+25  0.638523E+20
    452     133.500  0.585142E+25  0.674988E+20
    453     135.250  0.575579E+25  0.710918E+20
    454     137.000  0.567519E+25  0.746261E+20
    455     138.750  0.561563E+25  0.781108E+20
    456     140.500  0.557569E+25  0.815590E+20
    457     142.250  0.555168E+25  0.849827E+20
    458     144.000  0.553968E+25  0.883917E+20
    459     145.750  0.553645E+25  0.917932E+20
    460     147.500  0.553942E+25  0.951928E+20
    461     149.250  0.554638E+25  0.985942E+20
    462     151.000  0.555609E+25  0.102000E+21
    463     152.750  0.556685E+25  0.105412E+21
    464     154.500  0.557798E+25  0.108830E+21
    465     156.250  0.558876E+25  0.112255E+21
    466     158.000  0.559860E+25  0.115687E+21
    467     159.750  0.560715E+25  0.119124E+21
    468     161.500  0.561368E+25  0.122567E+21
    469     163.250  0.561789E+25  0.126014E+21
    470     165.000  0.561955E+25  0.129464E+21
    471     166.750  0.561854E+25  0.132915E+21
    472     168.500  0.561479E+25  0.136365E+21
    473     170.250  0.560824E+25  0.139812E+21
    474     172.000  0.559914E+25  0.143256E+21
    475     173.750  0.558725E+25  0.146694E+21
    476     175.500  0.557271E+25  0.150125E+21
    477     177.250  0.555581E+25  0.153547E+21
    478     179.000  0.553673E+25  0.156958E+21
    479     180.750  0.551602E+25  0.160358E+21
    480     182.500  0.549377E+25  0.163745E+21
    481     184.250  0.547006E+25  0.167118E+21
    482     186.000  0.544532E+25  0.170477E+21
    483     187.750  0.541990E+25  0.173821E+21
    484     189.500  0.539418E+25  0.177149E+21
    485     191.250  0.536806E+25  0.180461E+21
    486     193.000  0.534173E+25  0.183757E+21
    487     194.750  0.531530E+25  0.187037E+21
    488     196.500  0.528875E+25  0.190301E+21
    489     198.250  0.526199E+25  0.193548E+21
    490     200.000  0.523497E+25  0.196779E+21
    491     202.500  0.525063E+25  0.201371E+21
    492     205.000  0.522332E+25  0.205977E+21
    493     207.500  0.517953E+25  0.210559E+21
    494     210.000  0.513160E+25  0.215103E+21
    495     212.500  0.508378E+25  0.219604E+21
    496     215.000  0.503741E+25  0.224064E+21
    497     217.500  0.499316E+25  0.228482E+21
    498     220.000  0.495226E+25  0.232862E+21
    499     222.500  0.491524E+25  0.237206E+21
    500     225.000  0.488313E+25  0.241518E+21
    501     227.500  0.485672E+25  0.245801E+21
    502     230.000  0.483657E+25  0.250062E+21
    503     232.500  0.482295E+25  0.254304E+21
    504     235.000  0.481601E+25  0.258535E+21
    505     237.500  0.481519E+25  0.262760E+21
    506     240.000  0.482012E+25  0.266984E+21
    507     242.500  0.483078E+25  0.271212E+21
    508     245.000  0.484660E+25  0.275449E+21
    509     247.500  0.486784E+25  0.279701E+21
    510     250.000  0.489478E+25  0.283971E+21
    511     252.500  0.492779E+25  0.288264E+21
    512     255.000  0.496720E+25  0.292587E+21
    513     257.500  0.501309E+25  0.296944E+21
    514     260.000  0.506535E+25  0.301342E+21
    515     262.500  0.512380E+25  0.305785E+21
    516     265.000  0.518800E+25  0.310280E+21
    517     267.500  0.525730E+25  0.314830E+21
    518     270.000  0.533083E+25  0.319442E+21
    519     272.500  0.540777E+25  0.324118E+21
    520     275.000  0.548719E+25  0.328862E+21
    521     277.500  0.556864E+25  0.333675E+21
    522     280.000  0.565184E+25  0.338560E+21
    523     282.500  0.573667E+25  0.343518E+21
    524     285.000  0.582305E+25  0.348550E+21
    525     287.500  0.591103E+25  0.353658E+21
    526     290.000  0.600052E+25  0.358843E+21
    527     292.500  0.609145E+25  0.364107E+21
    528     295.000  0.618405E+25  0.369450E+21
    529     297.500  0.627843E+25  0.374875E+21
    530     300.000  0.637430E+25  0.380382E+21
    531     302.500  0.647168E+25  0.385974E+21
    532     305.000  0.657005E+25  0.391651E+21
    533     307.500  0.666901E+25  0.397414E+21
    534     310.000  0.676782E+25  0.403264E+21
    535     312.500  0.686607E+25  0.409201E+21
    536     315.000  0.696268E+25  0.415223E+21
    537     317.500  0.705812E+25  0.421331E+21
    538     320.000  0.715146E+25  0.427522E+21
    539     322.500  0.724153E+25  0.433796E+21
    540     325.000  0.732793E+25  0.440148E+21
    541     327.500  0.741014E+25  0.446576E+21
    542     330.000  0.748862E+25  0.453076E+21
    543     332.500  0.756290E+25  0.459645E+21
    544     335.000  0.763311E+25  0.466279E+21
    545     337.500  0.769906E+25  0.472975E+21
    546     340.000  0.776150E+25  0.479728E+21
    547     342.500  0.782035E+25  0.486537E+21
    548     345.000  0.787594E+25  0.493397E+21
    549     347.500  0.792807E+25  0.500305E+21
    550     350.000  0.797663E+25  0.507260E+21
    551     355.000  0.837133E+25  0.521254E+21
    552     360.000  0.988397E+25  0.535941E+21
    553     365.000  0.119478E+26  0.553281E+21
    554     370.000  0.145909E+26  0.574242E+21
    555     375.000  0.175778E+26  0.599840E+21
    556     380.000  0.204344E+26  0.630679E+21
    557     385.000  0.226379E+26  0.666529E+21
    558     390.000  0.238147E+26  0.706244E+21
    559     395.000  0.239546E+26  0.748025E+21
    560     400.000  0.233775E+26  0.790050E+21
    561     405.000  0.225178E+26  0.831064E+21
    562     410.000  0.216965E+26  0.870569E+21
    563     415.000  0.210614E+26  0.908633E+21
    564     420.000  0.206341E+26  0.945583E+21
    565     425.000  0.203704E+26  0.981783E+21
    566     430.000  0.202064E+26  0.101752E+22
    567     435.000  0.200798E+26  0.105297E+22
    568     440.000  0.199428E+26  0.108820E+22
    569     445.000  0.197699E+26  0.112319E+22
    570     450.000  0.195562E+26  0.115787E+22
    571     455.000  0.193123E+26  0.119218E+22
    572     460.000  0.190528E+26  0.122606E+22
    573     465.000  0.187948E+26  0.125949E+22
    574     470.000  0.185487E+26  0.129246E+22
    575     475.000  0.183177E+26  0.132500E+22
    576     480.000  0.180999E+26  0.135714E+22
    577     485.000  0.178921E+26  0.138889E+22
    578     490.000  0.176938E+26  0.142028E+22
    579     495.000  0.175080E+26  0.145132E+22
    580     500.000  0.173379E+26  0.148204E+22
    581     505.000  0.171869E+26  0.151246E+22
    582     510.000  0.170551E+26  0.154261E+22
    583     515.000  0.169423E+26  0.157253E+22
    584     520.000  0.168476E+26  0.160225E+22
    585     525.000  0.167697E+26  0.163181E+22
    586     530.000  0.167092E+26  0.166123E+22
    587     535.000  0.166676E+26  0.169055E+22
    588     540.000  0.166473E+26  0.171979E+22
    589     545.000  0.166542E+26  0.174899E+22
    590     550.000  0.166977E+26  0.177821E+22
    591     555.000  0.167854E+26  0.180751E+22
    592     560.000  0.169174E+26  0.183695E+22
    593     565.000  0.170954E+26  0.186663E+22
    594     570.000  0.173185E+26  0.189663E+22
    595     575.000  0.175833E+26  0.192701E+22
    596     580.000  0.178857E+26  0.195786E+22
    597     585.000  0.182204E+26  0.198924E+22
    598     590.000  0.185808E+26  0.202120E+22
    599     595.000  0.189580E+26  0.205380E+22
    600     600.000  0.193408E+26  0.208706E+22
    601     605.000  0.197167E+26  0.212099E+22
    602     610.000  0.200740E+26  0.215558E+22
    603     615.000  0.204023E+26  0.219080E+22
    604     620.000  0.206939E+26  0.222659E+22
    605     625.000  0.209458E+26  0.226290E+22
    606     630.000  0.211578E+26  0.229964E+22
    607     635.000  0.213324E+26  0.233676E+22
    608     640.000  0.214728E+26  0.237419E+22
    609     645.000  0.215818E+26  0.241186E+22
    610     650.000  0.216614E+26  0.244972E+22
    611     655.000  0.217125E+26  0.248773E+22
    612     660.000  0.217349E+26  0.252582E+22
    613     665.000  0.217301E+26  0.256395E+22
    614     670.000  0.217003E+26  0.260207E+22
    615     675.000  0.216493E+26  0.264014E+22
    616     680.000  0.215800E+26  0.267813E+22
    617     685.000  0.214972E+26  0.271599E+22
    618     690.000  0.214056E+26  0.275370E+22
    619     695.000  0.213097E+26  0.279125E+22
    620     700.000  0.212125E+26  0.282864E+22
    621     705.000  0.211176E+26  0.286585E+22
    622     710.000  0.210244E+26  0.290290E+22
    623     715.000  0.209328E+26  0.293979E+22
    624     720.000  0.208421E+26  0.297651E+22
    625     725.000  0.207525E+26  0.301308E+22
    626     730.000  0.206618E+26  0.304949E+22
    627     735.000  0.205703E+26  0.308573E+22
    628     740.000  0.204798E+26  0.312182E+22
    629     745.000  0.203914E+26  0.315775E+22
    630     750.000  0.203074E+26  0.319353E+22
    631     755.000  0.202293E+26  0.322915E+22
    632     760.000  0.201583E+26  0.326464E+22
    633     765.000  0.200959E+26  0.330001E+22
    634     770.000  0.200421E+26  0.333527E+22
    635     775.000  0.199988E+26  0.337043E+22
    636     780.000  0.199648E+26  0.340551E+22
    637     785.000  0.199409E+26  0.344054E+22
    638     790.000  0.199273E+26  0.347552E+22
    639     795.000  0.199238E+26  0.351048E+22
    640     800.000  0.199301E+26  0.354544E+22
    641     805.000  0.199446E+26  0.358040E+22
    642     810.000  0.199667E+26  0.361539E+22
    643     815.000  0.199954E+26  0.365042E+22
    644     820.000  0.200300E+26  0.368550E+22
    645     825.000  0.200697E+26  0.372064E+22
    646     830.000  0.201135E+26  0.375585E+22
    647     835.000  0.201608E+26  0.379114E+22
    648     840.000  0.202107E+26  0.382651E+22
    649     845.000  0.202620E+26  0.386197E+22
    650     850.000  0.203141E+26  0.389751E+22
    651     855.000  0.203658E+26  0.393315E+22
    652     860.000  0.204159E+26  0.396888E+22
    653     865.000  0.204637E+26  0.400470E+22
    654     870.000  0.205081E+26  0.404060E+22
    655     875.000  0.205486E+26  0.407658E+22
    656     880.000  0.205841E+26  0.411263E+22
    657     885.000  0.206141E+26  0.414874E+22
    658     890.000  0.206380E+26  0.418491E+22
    659     895.000  0.206557E+26  0.422112E+22
    660     900.000  0.206669E+26  0.425735E+22
    661     905.000  0.206716E+26  0.429361E+22
    662     910.000  0.206696E+26  0.432988E+22
    663     915.000  0.206622E+26  0.436614E+22
    664     920.000  0.206485E+26  0.440239E+22
    665     925.000  0.206281E+26  0.443862E+22
    666     930.000  0.206040E+26  0.447480E+22
    667     935.000  0.205755E+26  0.451095E+22
    668     940.000  0.205415E+26  0.454705E+22
    669     945.000  0.205032E+26  0.458309E+22
    670     950.000  0.204625E+26  0.461906E+22
    671     955.000  0.204217E+26  0.465496E+22
    672     960.000  0.203833E+26  0.469079E+22
    673     965.000  0.203473E+26  0.472655E+22
    674     970.000  0.203149E+26  0.476224E+22
    675     975.000  0.202872E+26  0.479788E+22
    676     980.000  0.202654E+26  0.483347E+22
    677     985.000  0.202504E+26  0.486903E+22
    678     990.000  0.202429E+26  0.490455E+22
    679     995.000  0.202430E+26  0.494007E+22
    680    1000.000  0.202513E+26  0.497558E+22
    681    1005.000  0.202675E+26  0.501111E+22
    682    1010.000  0.202916E+26  0.504667E+22
    683    1015.000  0.203226E+26  0.508227E+22
    684    1020.000  0.203605E+26  0.511792E+22
    685    1025.000  0.204047E+26  0.515364E+22
    686    1030.000  0.204543E+26  0.518944E+22
    687    1035.000  0.205085E+26  0.522532E+22
    688    1040.000  0.205663E+26  0.526130E+22
    689    1045.000  0.206267E+26  0.529739E+22
    690    1050.000  0.206888E+26  0.533357E+22
    691    1055.000  0.207516E+26  0.536987E+22
    692    1060.000  0.208143E+26  0.540628E+22
    693    1065.000  0.208760E+26  0.544279E+22
    694    1070.000  0.209361E+26  0.547942E+22
    695    1075.000  0.209940E+26  0.551615E+22
    696    1080.000  0.210487E+26  0.555298E+22
    697    1085.000  0.210996E+26  0.558991E+22
    698    1090.000  0.211462E+26  0.562692E+22
    699    1095.000  0.211881E+26  0.566402E+22
    700    1100.000  0.212252E+26  0.570119E+22
    701    1105.000  0.212569E+26  0.573843E+22
    702    1110.000  0.212832E+26  0.577572E+22
    703    1115.000  0.213040E+26  0.581306E+22
    704    1120.000  0.213191E+26  0.585044E+22
    705    1125.000  0.213286E+26  0.588784E+22
    706    1130.000  0.213326E+26  0.592526E+22
    707    1135.000  0.213310E+26  0.596269E+22
    708    1140.000  0.213244E+26  0.600011E+22
    709    1145.000  0.213128E+26  0.603752E+22
    710    1150.000  0.212966E+26  0.607491E+22
    711    1155.000  0.212763E+26  0.611227E+22
    712    1160.000  0.212523E+26  0.614960E+22
    713    1165.000  0.212248E+26  0.618689E+22
    714    1170.000  0.211947E+26  0.622412E+22
    715    1175.000  0.211624E+26  0.626131E+22
    716    1180.000  0.211288E+26  0.629843E+22
    717    1185.000  0.210947E+26  0.633550E+22
    718    1190.000  0.210606E+26  0.637251E+22
    719    1195.000  0.210268E+26  0.640946E+22
    720    1200.000  0.209935E+26  0.644635E+22
    721    1205.000  0.209611E+26  0.648318E+22
    722    1210.000  0.209298E+26  0.651995E+22
    723    1215.000  0.208998E+26  0.655667E+22
    724    1220.000  0.208711E+26  0.659334E+22
    725    1225.000  0.208441E+26  0.662995E+22
    726    1230.000  0.208194E+26  0.666652E+22
    727    1235.000  0.207971E+26  0.670305E+22
    728    1240.000  0.207774E+26  0.673953E+22
    729    1245.000  0.207602E+26  0.677599E+22
    730    1250.000  0.207454E+26  0.681241E+22
    731    1255.000  0.207330E+26  0.684880E+22
    732    1260.000  0.207230E+26  0.688518E+22
    733    1265.000  0.207152E+26  0.692153E+22
    734    1270.000  0.207095E+26  0.695787E+22
    735    1275.000  0.207057E+26  0.699421E+22
    736    1280.000  0.207037E+26  0.703053E+22
    737    1285.000  0.207033E+26  0.706686E+22
    738    1290.000  0.207043E+26  0.710318E+22
    739    1295.000  0.207067E+26  0.713950E+22
    740    1300.000  0.207104E+26  0.717583E+22
    741    1305.000  0.207152E+26  0.721216E+22
    742    1310.000  0.207209E+26  0.724851E+22
    743    1315.000  0.207275E+26  0.728486E+22
    744    1320.000  0.207350E+26  0.732122E+22
    745    1325.000  0.207433E+26  0.735760E+22
    746    1330.000  0.207523E+26  0.739399E+22
    747    1335.000  0.207619E+26  0.743040E+22
    748    1340.000  0.207724E+26  0.746682E+22
    749    1345.000  0.207836E+26  0.750327E+22
    750    1350.000  0.207954E+26  0.753973E+22
    751    1355.000  0.208080E+26  0.757621E+22
    752    1360.000  0.208213E+26  0.761272E+22
    753    1365.000  0.208353E+26  0.764925E+22
    754    1370.000  0.208500E+26  0.768580E+22
    755    1375.000  0.208655E+26  0.772238E+22
    756    1380.000  0.208817E+26  0.775898E+22
    757    1385.000  0.208986E+26  0.779562E+22
    758    1390.000  0.209162E+26  0.783228E+22
    759    1395.000  0.209345E+26  0.786898E+22
    760    1400.000  0.209536E+26  0.790571E+22
    761    1405.000  0.209734E+26  0.794247E+22
    762    1410.000  0.209939E+26  0.797926E+22
    763    1415.000  0.210152E+26  0.801609E+22
    764    1420.000  0.210372E+26  0.805296E+22
    765    1425.000  0.210599E+26  0.808987E+22
    766    1430.000  0.210834E+26  0.812682E+22
    767    1435.000  0.211076E+26  0.816381E+22
    768    1440.000  0.211327E+26  0.820084E+22
    769    1445.000  0.211586E+26  0.823791E+22
    770    1450.000  0.211854E+26  0.827503E+22
    771    1455.000  0.212131E+26  0.831220E+22
    772    1460.000  0.212417E+26  0.834942E+22
    773    1465.000  0.212714E+26  0.838668E+22
    774    1470.000  0.213021E+26  0.842400E+22
    775    1475.000  0.213339E+26  0.846137E+22
    776    1480.000  0.213668E+26  0.849880E+22
    777    1485.000  0.214009E+26  0.853629E+22
    778    1490.000  0.214364E+26  0.857383E+22
    779    1495.000  0.214733E+26  0.861144E+22
    780    1500.000  0.215116E+26  0.864911E+22
    781    1505.000  0.215516E+26  0.868685E+22
    782    1510.000  0.215933E+26  0.872466E+22
    783    1515.000  0.216371E+26  0.876254E+22
    784    1520.000  0.216830E+26  0.880050E+22
    785    1525.000  0.217313E+26  0.883854E+22
    786    1530.000  0.217822E+26  0.887667E+22
    787    1535.000  0.218359E+26  0.891488E+22
    788    1540.000  0.218927E+26  0.895319E+22
    789    1545.000  0.219530E+26  0.899160E+22
    790    1550.000  0.220170E+26  0.903012E+22
    791    1555.000  0.220853E+26  0.906874E+22
    792    1560.000  0.221581E+26  0.910749E+22
    793    1565.000  0.222360E+26  0.914636E+22
    794    1570.000  0.223194E+26  0.918537E+22
    795    1575.000  0.224088E+26  0.922453E+22
    796    1580.000  0.225047E+26  0.926384E+22
    797    1585.000  0.226074E+26  0.930333E+22
    798    1590.000  0.227173E+26  0.934299E+22
    799    1595.000  0.228347E+26  0.938284E+22
    800    1600.000  0.229595E+26  0.942290E+22
    801    1601.000  0.228778E+26  0.943096E+22
    802    1602.000  0.228810E+26  0.943899E+22
    803    1603.000  0.229162E+26  0.944702E+22
    804    1604.000  0.229612E+26  0.945506E+22
    805    1605.000  0.230085E+26  0.946311E+22
    806    1606.000  0.230558E+26  0.947119E+22
    807    1607.000  0.231018E+26  0.947928E+22
    808    1608.000  0.231469E+26  0.948738E+22
    809    1609.000  0.231908E+26  0.949550E+22
    810    1610.000  0.232335E+26  0.950364E+22
    811    1611.000  0.232746E+26  0.951179E+22
    812    1612.000  0.233139E+26  0.951996E+22
    813    1613.000  0.233519E+26  0.952814E+22
    814    1614.000  0.233882E+26  0.953633E+22
    815    1615.000  0.234228E+26  0.954454E+22
    816    1616.000  0.234560E+26  0.955276E+22
    817    1617.000  0.234880E+26  0.956099E+22
    818    1618.000  0.235189E+26  0.956923E+22
    819    1619.000  0.235491E+26  0.957748E+22
    820    1620.000  0.235785E+26  0.958575E+22
    821    1621.000  0.236074E+26  0.959402E+22
    822    1622.000  0.236358E+26  0.960230E+22
    823    1623.000  0.236638E+26  0.961059E+22
    824    1624.000  0.236916E+26  0.961890E+22
    825    1625.000  0.237191E+26  0.962721E+22
    826    1626.000  0.237465E+26  0.963553E+22
    827    1627.000  0.237736E+26  0.964387E+22
    828    1628.000  0.238005E+26  0.965221E+22
    829    1629.000  0.238273E+26  0.966056E+22
    830    1630.000  0.238539E+26  0.966892E+22
    831    1631.000  0.238803E+26  0.967729E+22
    832    1632.000  0.239064E+26  0.968567E+22
    833    1633.000  0.239323E+26  0.969406E+22
    834    1634.000  0.239582E+26  0.970245E+22
    835    1635.000  0.239837E+26  0.971086E+22
    836    1636.000  0.240089E+26  0.971927E+22
    837    1637.000  0.240338E+26  0.972770E+22
    838    1638.000  0.240583E+26  0.973613E+22
    839    1639.000  0.240823E+26  0.974457E+22
    840    1640.000  0.241059E+26  0.975302E+22
    841    1641.000  0.241291E+26  0.976148E+22
    842    1642.000  0.241516E+26  0.976995E+22
    843    1643.000  0.241737E+26  0.977842E+22
    844    1644.000  0.241952E+26  0.978690E+22
    845    1645.000  0.242163E+26  0.979539E+22
    846    1646.000  0.242369E+26  0.980389E+22
    847    1647.000  0.242571E+26  0.981240E+22
    848    1648.000  0.242767E+26  0.982091E+22
    849    1649.000  0.242956E+26  0.982942E+22
    850    1650.000  0.243139E+26  0.983795E+22
    851    1651.000  0.243317E+26  0.984648E+22
    852    1652.000  0.243485E+26  0.985502E+22
    853    1653.000  0.243646E+26  0.986356E+22
    854    1654.000  0.243800E+26  0.987211E+22
    855    1655.000  0.243946E+26  0.988066E+22
    856    1656.000  0.244083E+26  0.988922E+22
    857    1657.000  0.244212E+26  0.989779E+22
    858    1658.000  0.244331E+26  0.990636E+22
    859    1659.000  0.244441E+26  0.991493E+22
    860    1660.000  0.244543E+26  0.992351E+22
    861    1661.000  0.244637E+26  0.993209E+22
    862    1662.000  0.244721E+26  0.994067E+22
    863    1663.000  0.244794E+26  0.994926E+22
    864    1664.000  0.244859E+26  0.995785E+22
    865    1665.000  0.244915E+26  0.996644E+22
    866    1666.000  0.244963E+26  0.997503E+22
    867    1667.000  0.245002E+26  0.998363E+22
    868    1668.000  0.245034E+26  0.999222E+22
    869    1669.000  0.245057E+26  0.100008E+23
    870    1670.000  0.245073E+26  0.100094E+23
    871    1671.000  0.245080E+26  0.100180E+23
    872    1672.000  0.245079E+26  0.100266E+23
    873    1673.000  0.245070E+26  0.100352E+23
    874    1674.000  0.245051E+26  0.100438E+23
    875    1675.000  0.245026E+26  0.100524E+23
    876    1676.000  0.244991E+26  0.100610E+23
    877    1677.000  0.244948E+26  0.100696E+23
    878    1678.000  0.244899E+26  0.100782E+23
    879    1679.000  0.244841E+26  0.100868E+23
    880    1680.000  0.244775E+26  0.100954E+23
    881    1681.000  0.244700E+26  0.101040E+23
    882    1682.000  0.244619E+26  0.101126E+23
    883    1683.000  0.244530E+26  0.101211E+23
    884    1684.000  0.244433E+26  0.101297E+23
    885    1685.000  0.244326E+26  0.101383E+23
    886    1686.000  0.244211E+26  0.101469E+23
    887    1687.000  0.244088E+26  0.101554E+23
    888    1688.000  0.243959E+26  0.101640E+23
    889    1689.000  0.243822E+26  0.101726E+23
    890    1690.000  0.243679E+26  0.101811E+23
    891    1691.000  0.243529E+26  0.101897E+23
    892    1692.000  0.243374E+26  0.101982E+23
    893    1693.000  0.243214E+26  0.102068E+23
    894    1694.000  0.243046E+26  0.102153E+23
    895    1695.000  0.242873E+26  0.102238E+23
    896    1696.000  0.242692E+26  0.102323E+23
    897    1697.000  0.242504E+26  0.102409E+23
    898    1698.000  0.242310E+26  0.102494E+23
    899    1699.000  0.242110E+26  0.102579E+23
    900    1700.000  0.241904E+26  0.102664E+23
    901    1701.000  0.241692E+26  0.102749E+23
    902    1702.000  0.241474E+26  0.102833E+23
    903    1703.000  0.241250E+26  0.102918E+23
    904    1704.000  0.241019E+26  0.103003E+23
    905    1705.000  0.240784E+26  0.103087E+23
    906    1706.000  0.240543E+26  0.103172E+23
    907    1707.000  0.240298E+26  0.103256E+23
    908    1708.000  0.240048E+26  0.103340E+23
    909    1709.000  0.239794E+26  0.103425E+23
    910    1710.000  0.239535E+26  0.103509E+23
    911    1711.000  0.239273E+26  0.103593E+23
    912    1712.000  0.239006E+26  0.103677E+23
    913    1713.000  0.238736E+26  0.103761E+23
    914    1714.000  0.238463E+26  0.103844E+23
    915    1715.000  0.238186E+26  0.103928E+23
    916    1716.000  0.237906E+26  0.104012E+23
    917    1717.000  0.237623E+26  0.104095E+23
    918    1718.000  0.237338E+26  0.104179E+23
    919    1719.000  0.237050E+26  0.104262E+23
    920    1720.000  0.236760E+26  0.104345E+23
    921    1721.000  0.236468E+26  0.104428E+23
    922    1722.000  0.236174E+26  0.104511E+23
    923    1723.000  0.235880E+26  0.104594E+23
    924    1724.000  0.235584E+26  0.104677E+23
    925    1725.000  0.235287E+26  0.104759E+23
    926    1726.000  0.234990E+26  0.104842E+23
    927    1727.000  0.234693E+26  0.104924E+23
    928    1728.000  0.234396E+26  0.105007E+23
    929    1729.000  0.234100E+26  0.105089E+23
    930    1730.000  0.233804E+26  0.105171E+23
    931    1731.000  0.233509E+26  0.105253E+23
    932    1732.000  0.233216E+26  0.105335E+23
    933    1733.000  0.232924E+26  0.105417E+23
    934    1734.000  0.232634E+26  0.105499E+23
    935    1735.000  0.232346E+26  0.105580E+23
    936    1736.000  0.232060E+26  0.105662E+23
    937    1737.000  0.231777E+26  0.105743E+23
    938    1738.000  0.231497E+26  0.105825E+23
    939    1739.000  0.231220E+26  0.105906E+23
    940    1740.000  0.230946E+26  0.105987E+23
    941    1741.000  0.230676E+26  0.106068E+23
    942    1742.000  0.229534E+26  0.106149E+23
    943    1743.000  0.228254E+26  0.106229E+23
    944    1744.000  0.226870E+26  0.106309E+23
    945    1745.000  0.225375E+26  0.106389E+23
    946    1746.000  0.223780E+26  0.106468E+23
    947    1747.000  0.222110E+26  0.106547E+23
    948    1748.000  0.220386E+26  0.106625E+23
    949    1749.000  0.218627E+26  0.106702E+23
    950    1750.000  0.216846E+26  0.106779E+23
    951    1751.000  0.215053E+26  0.106855E+23
    952    1752.000  0.213257E+26  0.106930E+23
    953    1753.000  0.211466E+26  0.107005E+23
    954    1754.000  0.209685E+26  0.107079E+23
    955    1755.000  0.207922E+26  0.107153E+23
    956    1756.000  0.206183E+26  0.107226E+23
    957    1757.000  0.204473E+26  0.107298E+23
    958    1758.000  0.202795E+26  0.107370E+23
    959    1759.000  0.201153E+26  0.107441E+23
    960    1760.000  0.199548E+26  0.107512E+23
    961    1761.000  0.197981E+26  0.107582E+23
    962    1762.000  0.196452E+26  0.107651E+23
    963    1763.000  0.194962E+26  0.107720E+23
    964    1764.000  0.193512E+26  0.107788E+23
    965    1765.000  0.192101E+26  0.107856E+23
    966    1766.000  0.190730E+26  0.107924E+23
    967    1767.000  0.189398E+26  0.107991E+23
    968    1768.000  0.188104E+26  0.108057E+23
    969    1769.000  0.186848E+26  0.108123E+23
    970    1770.000  0.185631E+26  0.108189E+23
    971    1771.000  0.184452E+26  0.108254E+23
    972    1772.000  0.183312E+26  0.108319E+23
    973    1773.000  0.182210E+26  0.108383E+23
    974    1774.000  0.181146E+26  0.108447E+23
    975    1775.000  0.180121E+26  0.108510E+23
    976    1776.000  0.179135E+26  0.108574E+23
    977    1777.000  0.178188E+26  0.108636E+23
    978    1778.000  0.177281E+26  0.108699E+23
    979    1779.000  0.176412E+26  0.108761E+23
    980    1780.000  0.175583E+26  0.108823E+23
    981    1780.500  0.174682E+26  0.108854E+23
    982    1781.000  0.174180E+26  0.108884E+23
    983    1781.500  0.173827E+26  0.108915E+23
    984    1782.000  0.173535E+26  0.108946E+23
    985    1782.500  0.173272E+26  0.108976E+23
    986    1783.000  0.173027E+26  0.109006E+23
    987    1783.500  0.172795E+26  0.109037E+23
    988    1784.000  0.172575E+26  0.109067E+23
    989    1784.500  0.172368E+26  0.109097E+23
    990    1785.000  0.172171E+26  0.109128E+23
    991    1785.500  0.171985E+26  0.109158E+23
    992    1786.000  0.171809E+26  0.109188E+23
    993    1786.500  0.171643E+26  0.109218E+23
    994    1787.000  0.171486E+26  0.109248E+23
    995    1787.500  0.171339E+26  0.109278E+23
    996    1788.000  0.171202E+26  0.109308E+23
    997    1788.500  0.171073E+26  0.109338E+23
    998    1789.000  0.170953E+26  0.109368E+23
    999    1789.500  0.170842E+26  0.109398E+23
   1000    1790.000  0.170739E+26  0.109428E+23
   1001    1790.500  0.170644E+26  0.109458E+23
   1002    1791.000  0.170557E+26  0.109488E+23
   1003    1791.500  0.170479E+26  0.109518E+23
   1004    1792.000  0.170408E+26  0.109548E+23
   1005    1792.500  0.170344E+26  0.109578E+23
   1006    1793.000  0.170289E+26  0.109608E+23
   1007    1793.500  0.170241E+26  0.109638E+23
   1008    1794.000  0.170200E+26  0.109668E+23
   1009    1794.500  0.170168E+26  0.109697E+23
   1010    1795.000  0.170143E+26  0.109727E+23
   1011    1795.500  0.170125E+26  0.109757E+23
   1012    1796.000  0.170115E+26  0.109787E+23
   1013    1796.500  0.170113E+26  0.109817E+23
   1014    1797.000  0.170119E+26  0.109847E+23
   1015    1797.500  0.170132E+26  0.109877E+23
   1016    1798.000  0.170153E+26  0.109906E+23
   1017    1798.500  0.170182E+26  0.109936E+23
   1018    1799.000  0.170218E+26  0.109966E+23
   1019    1799.500  0.170261E+26  0.109996E+23
   1020    1800.000  0.170312E+26  0.110026E+23
   1021    1800.500  0.170369E+26  0.110056E+23
   1022    1801.000  0.170432E+26  0.110086E+23
   1023    1801.500  0.170501E+26  0.110115E+23
   1024    1802.000  0.170575E+26  0.110145E+23
   1025    1802.500  0.170654E+26  0.110175E+23
   1026    1803.000  0.170737E+26  0.110205E+23
   1027    1803.500  0.170823E+26  0.110235E+23
   1028    1804.000  0.170913E+26  0.110265E+23
   1029    1804.500  0.171004E+26  0.110295E+23
   1030    1805.000  0.171098E+26  0.110325E+23
   1031    1805.500  0.171193E+26  0.110355E+23
   1032    1806.000  0.171288E+26  0.110385E+23
   1033    1806.500  0.171383E+26  0.110415E+23
   1034    1807.000  0.171477E+26  0.110445E+23
   1035    1807.500  0.171569E+26  0.110475E+23
   1036    1808.000  0.171658E+26  0.110506E+23
   1037    1808.500  0.171745E+26  0.110536E+23
   1038    1809.000  0.171829E+26  0.110566E+23
   1039    1809.500  0.171909E+26  0.110596E+23
   1040    1810.000  0.171984E+26  0.110626E+23
