       time
total_abl_r
total_abl_n
      1       0.001  0.000000E+00  0.000000E+00
      2       0.002  0.000000E+00  0.000000E+00
      3       0.003  0.000000E+00  0.000000E+00
      4       0.004  0.000000E+00  0.000000E+00
      5       0.005  0.000000E+00  0.000000E+00
      6       0.006  0.000000E+00  0.000000E+00
      7       0.007  0.000000E+00  0.000000E+00
      8       0.008  0.000000E+00  0.000000E+00
      9       0.009  0.000000E+00  0.000000E+00
     10       0.010  0.000000E+00  0.000000E+00
     11       0.011  0.000000E+00  0.000000E+00
     12       0.012  0.000000E+00  0.000000E+00
     13       0.013  0.000000E+00  0.000000E+00
     14       0.014  0.000000E+00  0.000000E+00
     15       0.015  0.000000E+00  0.000000E+00
     16       0.016  0.000000E+00  0.000000E+00
     17       0.017  0.000000E+00  0.000000E+00
     18       0.018  0.000000E+00  0.000000E+00
     19       0.019  0.000000E+00  0.000000E+00
     20       0.020  0.000000E+00  0.000000E+00
     21       0.021  0.000000E+00  0.000000E+00
     22       0.022  0.000000E+00  0.000000E+00
     23       0.023  0.000000E+00  0.000000E+00
     24       0.024  0.000000E+00  0.000000E+00
     25       0.025  0.000000E+00  0.000000E+00
     26       0.026  0.000000E+00  0.000000E+00
     27       0.027  0.000000E+00  0.000000E+00
     28       0.028  0.000000E+00  0.000000E+00
     29       0.029  0.000000E+00  0.000000E+00
     30       0.030  0.000000E+00  0.000000E+00
     31       0.031  0.000000E+00  0.000000E+00
     32       0.032  0.000000E+00  0.000000E+00
     33       0.033  0.000000E+00  0.000000E+00
     34       0.034  0.000000E+00  0.000000E+00
     35       0.035  0.000000E+00  0.000000E+00
     36       0.036  0.000000E+00  0.000000E+00
     37       0.037  0.000000E+00  0.000000E+00
     38       0.038  0.000000E+00  0.000000E+00
     39       0.039  0.000000E+00  0.000000E+00
     40       0.040  0.000000E+00  0.000000E+00
     41       0.041  0.000000E+00  0.000000E+00
     42       0.042  0.000000E+00  0.000000E+00
     43       0.043  0.000000E+00  0.000000E+00
     44       0.044  0.000000E+00  0.000000E+00
     45       0.045  0.000000E+00  0.000000E+00
     46       0.046  0.000000E+00  0.000000E+00
     47       0.047  0.000000E+00  0.000000E+00
     48       0.048  0.000000E+00  0.000000E+00
     49       0.049  0.000000E+00  0.000000E+00
     50       0.050  0.000000E+00  0.000000E+00
     51       0.060  0.000000E+00  0.000000E+00
     52       0.070  0.000000E+00  0.000000E+00
     53       0.080  0.000000E+00  0.000000E+00
     54       0.090  0.000000E+00  0.000000E+00
     55       0.100  0.000000E+00  0.000000E+00
     56       0.110  0.000000E+00  0.000000E+00
     57       0.120  0.000000E+00  0.000000E+00
     58       0.130  0.000000E+00  0.000000E+00
     59       0.140  0.000000E+00  0.000000E+00
     60       0.150  0.000000E+00  0.000000E+00
     61       0.160  0.000000E+00  0.000000E+00
     62       0.170  0.000000E+00  0.000000E+00
     63       0.180  0.000000E+00  0.000000E+00
     64       0.190  0.000000E+00  0.000000E+00
     65       0.200  0.000000E+00  0.000000E+00
     66       0.210  0.000000E+00  0.000000E+00
     67       0.220  0.000000E+00  0.000000E+00
     68       0.230  0.000000E+00  0.000000E+00
     69       0.240  0.000000E+00  0.000000E+00
     70       0.250  0.000000E+00  0.000000E+00
     71       0.260  0.000000E+00  0.000000E+00
     72       0.270  0.000000E+00  0.000000E+00
     73       0.280  0.000000E+00  0.000000E+00
     74       0.290  0.000000E+00  0.000000E+00
     75       0.300  0.000000E+00  0.000000E+00
     76       0.310  0.000000E+00  0.000000E+00
     77       0.320  0.000000E+00  0.000000E+00
     78       0.330  0.000000E+00  0.000000E+00
     79       0.340  0.000000E+00  0.000000E+00
     80       0.350  0.000000E+00  0.000000E+00
     81       0.360  0.000000E+00  0.000000E+00
     82       0.370  0.000000E+00  0.000000E+00
     83       0.380  0.000000E+00  0.000000E+00
     84       0.390  0.000000E+00  0.000000E+00
     85       0.400  0.000000E+00  0.000000E+00
     86       0.410  0.000000E+00  0.000000E+00
     87       0.420  0.000000E+00  0.000000E+00
     88       0.430  0.000000E+00  0.000000E+00
     89       0.440  0.000000E+00  0.000000E+00
     90       0.450  0.000000E+00  0.000000E+00
     91       0.460  0.000000E+00  0.000000E+00
     92       0.470  0.000000E+00  0.000000E+00
     93       0.480  0.000000E+00  0.000000E+00
     94       0.490  0.000000E+00  0.000000E+00
     95       0.500  0.000000E+00  0.000000E+00
     96       0.510  0.000000E+00  0.000000E+00
     97       0.520  0.000000E+00  0.000000E+00
     98       0.530  0.000000E+00  0.000000E+00
     99       0.540  0.000000E+00  0.000000E+00
    100       0.550  0.000000E+00  0.000000E+00
    101       0.650  0.000000E+00  0.000000E+00
    102       0.750  0.000000E+00  0.000000E+00
    103       0.850  0.000000E+00  0.000000E+00
    104       0.950  0.000000E+00  0.000000E+00
    105       1.050  0.000000E+00  0.000000E+00
    106       1.150  0.000000E+00  0.000000E+00
    107       1.250  0.000000E+00  0.000000E+00
    108       1.350  0.000000E+00  0.000000E+00
    109       1.450  0.000000E+00  0.000000E+00
    110       1.550  0.000000E+00  0.000000E+00
    111       1.650  0.000000E+00  0.000000E+00
    112       1.750  0.000000E+00  0.000000E+00
    113       1.850  0.000000E+00  0.000000E+00
    114       1.950  0.000000E+00  0.000000E+00
    115       2.050  0.000000E+00  0.000000E+00
    116       2.150  0.000000E+00  0.000000E+00
    117       2.250  0.000000E+00  0.000000E+00
    118       2.350  0.000000E+00  0.000000E+00
    119       2.450  0.000000E+00  0.000000E+00
    120       2.550  0.000000E+00  0.000000E+00
    121       2.650  0.000000E+00  0.000000E+00
    122       2.750  0.000000E+00  0.000000E+00
    123       2.850  0.000000E+00  0.000000E+00
    124       2.950  0.000000E+00  0.000000E+00
    125       3.050  0.000000E+00  0.000000E+00
    126       3.150  0.000000E+00  0.000000E+00
    127       3.250  0.000000E+00  0.000000E+00
    128       3.350  0.000000E+00  0.000000E+00
    129       3.450  0.000000E+00  0.000000E+00
    130       3.550  0.000000E+00  0.000000E+00
    131       3.650  0.000000E+00  0.000000E+00
    132       3.750  0.000000E+00  0.000000E+00
    133       3.850  0.000000E+00  0.000000E+00
    134       3.950  0.000000E+00  0.000000E+00
    135       4.050  0.000000E+00  0.000000E+00
    136       4.150  0.000000E+00  0.000000E+00
    137       4.250  0.000000E+00  0.000000E+00
    138       4.350  0.000000E+00  0.000000E+00
    139       4.450  0.000000E+00  0.000000E+00
    140       4.550  0.000000E+00  0.000000E+00
    141       4.650  0.000000E+00  0.000000E+00
    142       4.750  0.000000E+00  0.000000E+00
    143       4.850  0.000000E+00  0.000000E+00
    144       4.950  0.000000E+00  0.000000E+00
    145       5.050  0.000000E+00  0.000000E+00
    146       5.150  0.000000E+00  0.000000E+00
    147       5.250  0.000000E+00  0.000000E+00
    148       5.350  0.000000E+00  0.000000E+00
    149       5.450  0.000000E+00  0.000000E+00
    150       5.550  0.000000E+00  0.000000E+00
    151       6.050  0.000000E+00  0.000000E+00
    152       6.550  0.000000E+00  0.000000E+00
    153       7.050  0.000000E+00  0.000000E+00
    154       7.550  0.000000E+00  0.000000E+00
    155       8.050  0.000000E+00  0.000000E+00
    156       8.550  0.000000E+00  0.000000E+00
    157       9.050  0.000000E+00  0.000000E+00
    158       9.550  0.000000E+00  0.000000E+00
    159      10.050  0.000000E+00  0.000000E+00
    160      10.550  0.000000E+00  0.000000E+00
    161      11.050  0.000000E+00  0.000000E+00
    162      11.550  0.000000E+00  0.000000E+00
    163      12.050  0.000000E+00  0.000000E+00
    164      12.550  0.000000E+00  0.000000E+00
    165      13.050  0.000000E+00  0.000000E+00
    166      13.550  0.000000E+00  0.000000E+00
    167      14.050  0.000000E+00  0.000000E+00
    168      14.550  0.000000E+00  0.000000E+00
    169      15.050  0.000000E+00  0.000000E+00
    170      15.550  0.000000E+00  0.000000E+00
    171      16.050  0.000000E+00  0.000000E+00
    172      16.550  0.000000E+00  0.000000E+00
    173      17.050  0.000000E+00  0.000000E+00
    174      17.550  0.000000E+00  0.000000E+00
    175      18.050  0.000000E+00  0.000000E+00
    176      18.550  0.000000E+00  0.000000E+00
    177      19.050  0.000000E+00  0.000000E+00
    178      19.550  0.000000E+00  0.000000E+00
    179      20.050  0.000000E+00  0.000000E+00
    180      20.550  0.000000E+00  0.000000E+00
    181      21.050  0.000000E+00  0.000000E+00
    182      21.550  0.000000E+00  0.000000E+00
    183      22.050  0.000000E+00  0.000000E+00
    184      22.550  0.000000E+00  0.000000E+00
    185      23.050  0.000000E+00  0.000000E+00
    186      23.550  0.000000E+00  0.000000E+00
    187      24.050  0.000000E+00  0.000000E+00
    188      24.550  0.000000E+00  0.000000E+00
    189      25.050  0.000000E+00  0.000000E+00
    190      25.550  0.000000E+00  0.000000E+00
    191      26.050  0.000000E+00  0.000000E+00
    192      26.550  0.000000E+00  0.000000E+00
    193      27.050  0.000000E+00  0.000000E+00
    194      27.550  0.000000E+00  0.000000E+00
    195      28.050  0.000000E+00  0.000000E+00
    196      28.550  0.000000E+00  0.000000E+00
    197      29.050  0.000000E+00  0.000000E+00
    198      29.550  0.000000E+00  0.000000E+00
    199      30.050  0.000000E+00  0.000000E+00
    200      30.550  0.000000E+00  0.000000E+00
    201      31.050  0.000000E+00  0.000000E+00
    202      31.550  0.000000E+00  0.000000E+00
    203      32.050  0.000000E+00  0.000000E+00
    204      32.550  0.000000E+00  0.000000E+00
    205      33.050  0.000000E+00  0.000000E+00
    206      33.550  0.000000E+00  0.000000E+00
    207      34.050  0.000000E+00  0.000000E+00
    208      34.550  0.000000E+00  0.000000E+00
    209      35.050  0.000000E+00  0.000000E+00
    210      35.550  0.000000E+00  0.000000E+00
    211      36.050  0.000000E+00  0.000000E+00
    212      36.550  0.000000E+00  0.000000E+00
    213      37.050  0.000000E+00  0.000000E+00
    214      37.550  0.000000E+00  0.000000E+00
    215      38.050  0.000000E+00  0.000000E+00
    216      38.550  0.000000E+00  0.000000E+00
    217      39.050  0.000000E+00  0.000000E+00
    218      39.550  0.000000E+00  0.000000E+00
    219      40.050  0.000000E+00  0.000000E+00
    220      40.550  0.000000E+00  0.000000E+00
    221      41.050  0.000000E+00  0.000000E+00
    222      41.550  0.000000E+00  0.000000E+00
    223      42.050  0.000000E+00  0.000000E+00
    224      42.550  0.000000E+00  0.000000E+00
    225      43.050  0.000000E+00  0.000000E+00
    226      43.550  0.000000E+00  0.000000E+00
    227      44.050  0.000000E+00  0.000000E+00
    228      44.550  0.000000E+00  0.000000E+00
    229      45.050  0.000000E+00  0.000000E+00
    230      45.550  0.000000E+00  0.000000E+00
    231      46.050  0.000000E+00  0.000000E+00
    232      46.550  0.000000E+00  0.000000E+00
    233      47.050  0.000000E+00  0.000000E+00
    234      47.550  0.000000E+00  0.000000E+00
    235      48.050  0.000000E+00  0.000000E+00
    236      48.550  0.000000E+00  0.000000E+00
    237      49.050  0.000000E+00  0.000000E+00
    238      49.550  0.000000E+00  0.000000E+00
    239      50.050  0.000000E+00  0.000000E+00
    240      50.550  0.000000E+00  0.000000E+00
    241      51.050  0.000000E+00  0.000000E+00
    242      51.550  0.000000E+00  0.000000E+00
    243      52.050  0.000000E+00  0.000000E+00
    244      52.550  0.000000E+00  0.000000E+00
    245      53.050  0.000000E+00  0.000000E+00
    246      53.550  0.000000E+00  0.000000E+00
    247      54.050  0.000000E+00  0.000000E+00
    248      54.550  0.000000E+00  0.000000E+00
    249      55.050  0.000000E+00  0.000000E+00
    250      55.550  0.000000E+00  0.000000E+00
    251      56.550  0.000000E+00  0.000000E+00
    252      57.550  0.000000E+00  0.000000E+00
    253      58.550  0.000000E+00  0.000000E+00
    254      59.550  0.000000E+00  0.000000E+00
    255      60.550  0.000000E+00  0.000000E+00
    256      61.550  0.000000E+00  0.000000E+00
    257      62.550  0.000000E+00  0.000000E+00
    258      63.550  0.000000E+00  0.000000E+00
    259      64.550  0.000000E+00  0.000000E+00
    260      65.550  0.000000E+00  0.000000E+00
    261      66.550  0.000000E+00  0.000000E+00
    262      67.550  0.000000E+00  0.000000E+00
    263      68.550  0.000000E+00  0.000000E+00
    264      69.550  0.000000E+00  0.000000E+00
    265      70.550  0.000000E+00  0.000000E+00
    266      71.550  0.000000E+00  0.000000E+00
    267      72.550  0.000000E+00  0.000000E+00
    268      73.550  0.000000E+00  0.000000E+00
    269      74.550  0.000000E+00  0.000000E+00
    270      75.550  0.000000E+00  0.000000E+00
    271      76.550  0.000000E+00  0.000000E+00
    272      77.550  0.000000E+00  0.000000E+00
    273      78.550  0.000000E+00  0.000000E+00
    274      79.550  0.000000E+00  0.000000E+00
    275      80.550  0.000000E+00  0.000000E+00
    276      81.550  0.000000E+00  0.000000E+00
    277      82.550  0.000000E+00  0.000000E+00
    278      83.550  0.000000E+00  0.000000E+00
    279      84.550  0.000000E+00  0.000000E+00
    280      85.550  0.000000E+00  0.000000E+00
    281      86.550  0.000000E+00  0.000000E+00
    282      87.550  0.000000E+00  0.000000E+00
    283      88.550  0.000000E+00  0.000000E+00
    284      89.550  0.000000E+00  0.000000E+00
    285      90.550  0.000000E+00  0.000000E+00
    286      91.550  0.000000E+00  0.000000E+00
    287      92.550  0.000000E+00  0.000000E+00
    288      93.550  0.000000E+00  0.000000E+00
    289      94.550  0.000000E+00  0.000000E+00
    290      95.550  0.000000E+00  0.000000E+00
    291      96.550  0.000000E+00  0.000000E+00
    292      97.550  0.000000E+00  0.000000E+00
    293      98.550  0.000000E+00  0.000000E+00
    294      99.550  0.000000E+00  0.000000E+00
    295     100.550  0.000000E+00  0.000000E+00
    296     101.550  0.000000E+00  0.000000E+00
    297     102.550  0.000000E+00  0.000000E+00
    298     103.550  0.000000E+00  0.000000E+00
    299     104.550  0.000000E+00  0.000000E+00
    300     105.550  0.000000E+00  0.000000E+00
    301     105.551  0.101979E+25  0.000000E+00
    302     105.552  0.101978E+25  0.357820E+15
    303     105.553  0.101978E+25  0.715637E+15
    304     105.554  0.101979E+25  0.107346E+16
    305     105.555  0.101980E+25  0.143128E+16
    306     105.556  0.101980E+25  0.178910E+16
    307     105.557  0.101981E+25  0.214693E+16
    308     105.558  0.101982E+25  0.250476E+16
    309     105.559  0.101983E+25  0.286259E+16
    310     105.560  0.101984E+25  0.322043E+16
    311     105.561  0.101985E+25  0.357827E+16
    312     105.562  0.101986E+25  0.393611E+16
    313     105.563  0.101987E+25  0.429396E+16
    314     105.564  0.101988E+25  0.465181E+16
    315     105.565  0.101989E+25  0.500966E+16
    316     105.566  0.101990E+25  0.536752E+16
    317     105.567  0.101991E+25  0.572538E+16
    318     105.568  0.101991E+25  0.608324E+16
    319     105.569  0.101992E+25  0.644110E+16
    320     105.570  0.101993E+25  0.679897E+16
    321     105.571  0.101994E+25  0.715684E+16
    322     105.572  0.101995E+25  0.751472E+16
    323     105.573  0.101996E+25  0.787260E+16
    324     105.574  0.101997E+25  0.823048E+16
    325     105.575  0.101998E+25  0.858836E+16
    326     105.576  0.101999E+25  0.894625E+16
    327     105.577  0.102000E+25  0.930414E+16
    328     105.578  0.102001E+25  0.966204E+16
    329     105.579  0.102001E+25  0.100199E+17
    330     105.580  0.102002E+25  0.103778E+17
    331     105.581  0.102003E+25  0.107357E+17
    332     105.582  0.102004E+25  0.110936E+17
    333     105.583  0.102005E+25  0.114516E+17
    334     105.584  0.102006E+25  0.118095E+17
    335     105.585  0.102007E+25  0.121674E+17
    336     105.586  0.102008E+25  0.125253E+17
    337     105.587  0.102009E+25  0.128832E+17
    338     105.588  0.102010E+25  0.132412E+17
    339     105.589  0.102011E+25  0.135991E+17
    340     105.590  0.102012E+25  0.139570E+17
    341     105.591  0.102013E+25  0.143150E+17
    342     105.592  0.102013E+25  0.146729E+17
    343     105.593  0.102014E+25  0.150308E+17
    344     105.594  0.102015E+25  0.153888E+17
    345     105.595  0.102016E+25  0.157467E+17
    346     105.596  0.102017E+25  0.161047E+17
    347     105.597  0.102018E+25  0.164626E+17
    348     105.598  0.102019E+25  0.168206E+17
    349     105.599  0.102020E+25  0.171786E+17
    350     105.600  0.102021E+25  0.175365E+17
    351     105.610  0.102030E+25  0.211162E+17
    352     105.620  0.102040E+25  0.246962E+17
    353     105.630  0.102050E+25  0.282766E+17
    354     105.640  0.102060E+25  0.318573E+17
    355     105.650  0.102070E+25  0.354384E+17
    356     105.660  0.102080E+25  0.390198E+17
    357     105.670  0.102091E+25  0.426015E+17
    358     105.680  0.102101E+25  0.461837E+17
    359     105.690  0.102112E+25  0.497662E+17
    360     105.700  0.102124E+25  0.533491E+17
    361     105.710  0.102135E+25  0.569324E+17
    362     105.720  0.102147E+25  0.605161E+17
    363     105.730  0.102158E+25  0.641002E+17
    364     105.740  0.102171E+25  0.676847E+17
    365     105.750  0.102183E+25  0.712696E+17
    366     105.760  0.102195E+25  0.748550E+17
    367     105.770  0.102208E+25  0.784408E+17
    368     105.780  0.102221E+25  0.820271E+17
    369     105.790  0.102234E+25  0.856138E+17
    370     105.800  0.102247E+25  0.892009E+17
    371     105.810  0.102261E+25  0.927886E+17
    372     105.820  0.102274E+25  0.963767E+17
    373     105.830  0.102288E+25  0.999652E+17
    374     105.840  0.102302E+25  0.103554E+18
    375     105.850  0.102316E+25  0.107144E+18
    376     105.860  0.102331E+25  0.110734E+18
    377     105.870  0.102345E+25  0.114324E+18
    378     105.880  0.102360E+25  0.117916E+18
    379     105.890  0.102375E+25  0.121507E+18
    380     105.900  0.102390E+25  0.125099E+18
    381     105.910  0.102405E+25  0.128692E+18
    382     105.920  0.102420E+25  0.132285E+18
    383     105.930  0.102436E+25  0.135879E+18
    384     105.940  0.102451E+25  0.139473E+18
    385     105.950  0.102467E+25  0.143068E+18
    386     105.960  0.102483E+25  0.146663E+18
    387     105.970  0.102499E+25  0.150259E+18
    388     105.980  0.102516E+25  0.153855E+18
    389     105.990  0.102532E+25  0.157453E+18
    390     106.000  0.102548E+25  0.161050E+18
    391     106.100  0.102652E+25  0.197032E+18
    392     106.200  0.102804E+25  0.233050E+18
    393     106.300  0.102979E+25  0.269122E+18
    394     106.400  0.103169E+25  0.305255E+18
    395     106.500  0.103370E+25  0.341455E+18
    396     106.600  0.103580E+25  0.377725E+18
    397     106.700  0.103798E+25  0.414069E+18
    398     106.800  0.104023E+25  0.450490E+18
    399     106.900  0.104255E+25  0.486990E+18
    400     107.000  0.104491E+25  0.523570E+18
    401     109.500  0.107083E+25  0.144016E+19
    402     112.000  0.110833E+25  0.237949E+19
    403     114.500  0.114171E+25  0.335171E+19
    404     117.000  0.117081E+25  0.435322E+19
    405     119.500  0.119731E+25  0.538024E+19
    406     122.000  0.122280E+25  0.643052E+19
    407     124.500  0.124823E+25  0.750316E+19
    408     127.000  0.127376E+25  0.859810E+19
    409     129.500  0.129976E+25  0.971543E+19
    410     132.000  0.132597E+25  0.108556E+20
    411     134.500  0.135258E+25  0.120187E+20
    412     137.000  0.137926E+25  0.132052E+20
    413     139.500  0.140611E+25  0.144151E+20
    414     142.000  0.143310E+25  0.156485E+20
    415     144.500  0.146022E+25  0.169056E+20
    416     147.000  0.148762E+25  0.181865E+20
    417     149.500  0.151501E+25  0.194914E+20
    418     152.000  0.154253E+25  0.208204E+20
    419     154.500  0.157018E+25  0.221735E+20
    420     157.000  0.159795E+25  0.235508E+20
    421     159.500  0.162583E+25  0.249526E+20
    422     162.000  0.165384E+25  0.263787E+20
    423     164.500  0.168209E+25  0.278295E+20
    424     167.000  0.171032E+25  0.293050E+20
    425     169.500  0.173865E+25  0.308053E+20
    426     172.000  0.176707E+25  0.323304E+20
    427     174.500  0.179559E+25  0.338805E+20
    428     177.000  0.182433E+25  0.354555E+20
    429     179.500  0.185303E+25  0.370558E+20
    430     182.000  0.188180E+25  0.386813E+20
    431     184.500  0.191078E+25  0.403320E+20
    432     187.000  0.193970E+25  0.420081E+20
    433     189.500  0.196868E+25  0.437096E+20
    434     192.000  0.199772E+25  0.454365E+20
    435     194.500  0.202680E+25  0.471889E+20
    436     197.000  0.205593E+25  0.489668E+20
    437     199.500  0.208509E+25  0.507703E+20
    438     202.000  0.211428E+25  0.525993E+20
    439     204.500  0.214350E+25  0.544540E+20
    440     207.000  0.217274E+25  0.563342E+20
    441     209.500  0.220199E+25  0.582401E+20
    442     212.000  0.223125E+25  0.601717E+20
    443     214.500  0.226051E+25  0.621290E+20
    444     217.000  0.228977E+25  0.641119E+20
    445     219.500  0.231902E+25  0.661205E+20
    446     222.000  0.234824E+25  0.681547E+20
    447     224.500  0.237745E+25  0.702146E+20
    448     227.000  0.240662E+25  0.723000E+20
    449     229.500  0.243576E+25  0.744111E+20
    450     232.000  0.246486E+25  0.765478E+20
    451     234.500  0.249391E+25  0.787099E+20
    452     237.000  0.252290E+25  0.808976E+20
    453     239.500  0.255184E+25  0.831106E+20
    454     242.000  0.258070E+25  0.853491E+20
    455     244.500  0.260950E+25  0.876129E+20
    456     247.000  0.263821E+25  0.899019E+20
    457     249.500  0.266684E+25  0.922162E+20
    458     252.000  0.269538E+25  0.945555E+20
    459     254.500  0.272382E+25  0.969199E+20
    460     257.000  0.275217E+25  0.993092E+20
    461     259.500  0.278040E+25  0.101723E+21
    462     262.000  0.280852E+25  0.104162E+21
    463     264.500  0.283653E+25  0.106626E+21
    464     267.000  0.286441E+25  0.109114E+21
    465     269.500  0.289216E+25  0.111627E+21
    466     272.000  0.291978E+25  0.114164E+21
    467     274.500  0.294726E+25  0.116725E+21
    468     277.000  0.297460E+25  0.119310E+21
    469     279.500  0.300179E+25  0.121920E+21
    470     282.000  0.302883E+25  0.124553E+21
    471     284.500  0.305571E+25  0.127210E+21
    472     287.000  0.308244E+25  0.129890E+21
    473     289.500  0.310900E+25  0.132594E+21
    474     292.000  0.313539E+25  0.135321E+21
    475     294.500  0.316161E+25  0.138072E+21
    476     297.000  0.318766E+25  0.140845E+21
    477     299.500  0.321353E+25  0.143641E+21
    478     302.000  0.323923E+25  0.146460E+21
    479     304.500  0.326474E+25  0.149301E+21
    480     307.000  0.329006E+25  0.152165E+21
    481     309.500  0.331520E+25  0.155051E+21
    482     312.000  0.334015E+25  0.157959E+21
    483     314.500  0.336491E+25  0.160889E+21
    484     317.000  0.338947E+25  0.163841E+21
    485     319.500  0.341384E+25  0.166814E+21
    486     322.000  0.343802E+25  0.169809E+21
    487     324.500  0.346199E+25  0.172825E+21
    488     327.000  0.348577E+25  0.175861E+21
    489     329.500  0.350935E+25  0.178919E+21
    490     332.000  0.353273E+25  0.181998E+21
    491     334.500  0.355592E+25  0.185096E+21
    492     337.000  0.357890E+25  0.188216E+21
    493     339.500  0.360168E+25  0.191355E+21
    494     342.000  0.362427E+25  0.194514E+21
    495     344.500  0.364665E+25  0.197694E+21
    496     347.000  0.366884E+25  0.200892E+21
    497     349.500  0.369082E+25  0.204111E+21
    498     352.000  0.371261E+25  0.207348E+21
    499     354.500  0.373421E+25  0.210605E+21
    500     357.000  0.375560E+25  0.213881E+21
    501     359.500  0.377681E+25  0.217175E+21
    502     362.000  0.379782E+25  0.220488E+21
    503     364.500  0.381864E+25  0.223819E+21
    504     367.000  0.383927E+25  0.227169E+21
    505     369.500  0.385971E+25  0.230537E+21
    506     372.000  0.387997E+25  0.233923E+21
    507     374.500  0.390004E+25  0.237326E+21
    508     377.000  0.391994E+25  0.240747E+21
    509     379.500  0.393966E+25  0.244186E+21
    510     382.000  0.395920E+25  0.247642E+21
    511     384.500  0.397857E+25  0.251115E+21
    512     387.000  0.399777E+25  0.254605E+21
    513     389.500  0.401680E+25  0.258111E+21
    514     392.000  0.403567E+25  0.261635E+21
    515     394.500  0.405438E+25  0.265175E+21
    516     397.000  0.407294E+25  0.268732E+21
    517     399.500  0.409134E+25  0.272304E+21
    518     402.000  0.410959E+25  0.275893E+21
    519     404.500  0.412770E+25  0.279498E+21
    520     407.000  0.414567E+25  0.283119E+21
    521     409.500  0.416349E+25  0.286755E+21
    522     412.000  0.418118E+25  0.290408E+21
    523     414.500  0.419874E+25  0.294075E+21
    524     417.000  0.421618E+25  0.297758E+21
    525     419.500  0.423348E+25  0.301457E+21
    526     422.000  0.425067E+25  0.305171E+21
    527     424.500  0.426775E+25  0.308899E+21
    528     427.000  0.428471E+25  0.312643E+21
    529     429.500  0.430156E+25  0.316401E+21
    530     432.000  0.431832E+25  0.320175E+21
    531     434.500  0.433497E+25  0.323963E+21
    532     437.000  0.435153E+25  0.327765E+21
    533     439.500  0.436799E+25  0.331582E+21
    534     442.000  0.438437E+25  0.335414E+21
    535     444.500  0.440066E+25  0.339260E+21
    536     447.000  0.441687E+25  0.343120E+21
    537     449.500  0.443301E+25  0.346995E+21
    538     452.000  0.444907E+25  0.350883E+21
    539     454.500  0.446506E+25  0.354786E+21
    540     457.000  0.448099E+25  0.358703E+21
    541     459.500  0.449685E+25  0.362633E+21
    542     462.000  0.451265E+25  0.366578E+21
    543     464.500  0.452839E+25  0.370536E+21
    544     467.000  0.454408E+25  0.374509E+21
    545     469.500  0.455972E+25  0.378495E+21
    546     472.000  0.457531E+25  0.382495E+21
    547     474.500  0.459086E+25  0.386508E+21
    548     477.000  0.460637E+25  0.390535E+21
    549     479.500  0.462183E+25  0.394576E+21
    550     482.000  0.463727E+25  0.398630E+21
    551     484.500  0.465266E+25  0.402698E+21
    552     487.000  0.466803E+25  0.406779E+21
    553     489.500  0.468337E+25  0.410874E+21
    554     492.000  0.469868E+25  0.414982E+21
    555     494.500  0.471397E+25  0.419104E+21
    556     497.000  0.472923E+25  0.423239E+21
    557     499.500  0.474448E+25  0.427387E+21
    558     502.000  0.475970E+25  0.431549E+21
    559     504.500  0.477492E+25  0.435724E+21
    560     507.000  0.479011E+25  0.439913E+21
    561     509.500  0.480530E+25  0.444115E+21
    562     512.000  0.482048E+25  0.448330E+21
    563     514.500  0.483564E+25  0.452558E+21
    564     517.000  0.485080E+25  0.456800E+21
    565     519.500  0.486595E+25  0.461055E+21
    566     522.000  0.488110E+25  0.465324E+21
    567     524.500  0.489625E+25  0.469605E+21
    568     527.000  0.491139E+25  0.473900E+21
    569     529.500  0.492653E+25  0.478209E+21
    570     532.000  0.494166E+25  0.482530E+21
    571     534.500  0.495680E+25  0.486865E+21
    572     537.000  0.497195E+25  0.491213E+21
    573     539.500  0.498709E+25  0.495574E+21
    574     542.000  0.500224E+25  0.499949E+21
    575     544.500  0.501740E+25  0.504337E+21
    576     547.000  0.503257E+25  0.508738E+21
    577     549.500  0.504775E+25  0.513153E+21
    578     552.000  0.506293E+25  0.517581E+21
    579     554.500  0.507813E+25  0.522022E+21
    580     557.000  0.509335E+25  0.526476E+21
    581     559.500  0.510858E+25  0.530944E+21
    582     562.000  0.512383E+25  0.535425E+21
    583     564.500  0.513909E+25  0.539920E+21
    584     567.000  0.515438E+25  0.544428E+21
    585     569.500  0.516968E+25  0.548949E+21
    586     572.000  0.518501E+25  0.553484E+21
    587     574.500  0.520036E+25  0.558032E+21
    588     577.000  0.521574E+25  0.562594E+21
    589     579.500  0.523115E+25  0.567169E+21
    590     582.000  0.524658E+25  0.571758E+21
    591     584.500  0.526204E+25  0.576360E+21
    592     587.000  0.527753E+25  0.580976E+21
    593     589.500  0.529306E+25  0.585606E+21
    594     592.000  0.530862E+25  0.590249E+21
    595     594.500  0.532421E+25  0.594905E+21
    596     597.000  0.533984E+25  0.599576E+21
    597     599.500  0.535550E+25  0.604260E+21
    598     602.000  0.537120E+25  0.608958E+21
    599     604.500  0.538693E+25  0.613669E+21
    600     607.000  0.540271E+25  0.618395E+21
    601     609.500  0.541852E+25  0.623134E+21
    602     612.000  0.543436E+25  0.627887E+21
    603     614.500  0.545025E+25  0.632654E+21
    604     617.000  0.546617E+25  0.637435E+21
    605     619.500  0.548213E+25  0.642230E+21
    606     622.000  0.549813E+25  0.647039E+21
    607     624.500  0.551416E+25  0.651862E+21
    608     627.000  0.553024E+25  0.656699E+21
    609     629.500  0.554635E+25  0.661550E+21
    610     632.000  0.556249E+25  0.666415E+21
    611     634.500  0.557867E+25  0.671294E+21
    612     637.000  0.559489E+25  0.676188E+21
    613     639.500  0.561113E+25  0.681096E+21
    614     642.000  0.562741E+25  0.686018E+21
    615     644.500  0.564371E+25  0.690954E+21
    616     647.000  0.566004E+25  0.695905E+21
    617     649.500  0.567640E+25  0.700870E+21
    618     652.000  0.569278E+25  0.705849E+21
    619     654.500  0.570918E+25  0.710843E+21
    620     657.000  0.572561E+25  0.715851E+21
    621     659.500  0.574206E+25  0.720873E+21
    622     662.000  0.575852E+25  0.725910E+21
    623     664.500  0.577500E+25  0.730962E+21
    624     667.000  0.579149E+25  0.736027E+21
    625     669.500  0.580799E+25  0.741108E+21
    626     672.000  0.582450E+25  0.746202E+21
    627     674.500  0.584101E+25  0.751312E+21
    628     677.000  0.585753E+25  0.756435E+21
    629     679.500  0.587405E+25  0.761573E+21
    630     682.000  0.589056E+25  0.766726E+21
    631     684.500  0.590708E+25  0.771893E+21
    632     687.000  0.592358E+25  0.777075E+21
    633     689.500  0.594008E+25  0.782271E+21
    634     692.000  0.595657E+25  0.787482E+21
    635     694.500  0.597304E+25  0.792707E+21
    636     697.000  0.598950E+25  0.797946E+21
    637     699.500  0.600595E+25  0.803200E+21
    638     702.000  0.602237E+25  0.808469E+21
    639     704.500  0.603877E+25  0.813751E+21
    640     707.000  0.605515E+25  0.819049E+21
    641     709.500  0.607150E+25  0.824360E+21
    642     712.000  0.608782E+25  0.829686E+21
    643     714.500  0.610411E+25  0.835026E+21
    644     717.000  0.612037E+25  0.840381E+21
    645     719.500  0.613659E+25  0.845750E+21
    646     722.000  0.615278E+25  0.851133E+21
    647     724.500  0.616893E+25  0.856530E+21
    648     727.000  0.618504E+25  0.861941E+21
    649     729.500  0.620111E+25  0.867367E+21
    650     732.000  0.621714E+25  0.872806E+21
    651     737.000  0.629555E+25  0.883713E+21
    652     742.000  0.663594E+25  0.894758E+21
    653     747.000  0.697422E+25  0.906400E+21
    654     752.000  0.732940E+25  0.918636E+21
    655     757.000  0.770613E+25  0.931494E+21
    656     762.000  0.809251E+25  0.945014E+21
    657     767.000  0.847733E+25  0.959211E+21
    658     772.000  0.885371E+25  0.974084E+21
    659     777.000  0.921764E+25  0.989617E+21
    660     782.000  0.941360E+25  0.100579E+22
    661     787.000  0.952500E+25  0.102230E+22
    662     792.000  0.956344E+25  0.103901E+22
    663     797.000  0.954541E+25  0.105579E+22
    664     802.000  0.948782E+25  0.107254E+22
    665     807.000  0.940388E+25  0.108918E+22
    666     812.000  0.930301E+25  0.110568E+22
    667     817.000  0.919208E+25  0.112200E+22
    668     822.000  0.907641E+25  0.113813E+22
    669     827.000  0.896014E+25  0.115405E+22
    670     832.000  0.884632E+25  0.116977E+22
    671     837.000  0.873707E+25  0.118529E+22
    672     842.000  0.863382E+25  0.120062E+22
    673     847.000  0.853747E+25  0.121577E+22
    674     852.000  0.844853E+25  0.123075E+22
    675     857.000  0.836718E+25  0.124557E+22
    676     862.000  0.829339E+25  0.126025E+22
    677     867.000  0.822696E+25  0.127480E+22
    678     872.000  0.816759E+25  0.128923E+22
    679     877.000  0.811493E+25  0.130356E+22
    680     882.000  0.806857E+25  0.131780E+22
    681     887.000  0.802811E+25  0.133195E+22
    682     892.000  0.799314E+25  0.134604E+22
    683     897.000  0.796326E+25  0.136006E+22
    684     902.000  0.793813E+25  0.137403E+22
    685     907.000  0.791739E+25  0.138796E+22
    686     912.000  0.790075E+25  0.140185E+22
    687     917.000  0.788790E+25  0.141571E+22
    688     922.000  0.787856E+25  0.142955E+22
    689     927.000  0.787246E+25  0.144337E+22
    690     932.000  0.786933E+25  0.145718E+22
    691     937.000  0.786890E+25  0.147099E+22
    692     942.000  0.787091E+25  0.148479E+22
    693     947.000  0.787510E+25  0.149860E+22
    694     952.000  0.788126E+25  0.151242E+22
    695     957.000  0.788916E+25  0.152624E+22
    696     962.000  0.789859E+25  0.154008E+22
    697     967.000  0.790936E+25  0.155394E+22
    698     972.000  0.792131E+25  0.156782E+22
    699     977.000  0.793427E+25  0.158171E+22
    700     982.000  0.794810E+25  0.159563E+22
    701     987.000  0.796266E+25  0.160958E+22
    702     992.000  0.797785E+25  0.162355E+22
    703     997.000  0.799356E+25  0.163754E+22
    704    1002.000  0.800968E+25  0.165157E+22
    705    1007.000  0.802613E+25  0.166562E+22
    706    1012.000  0.804283E+25  0.167970E+22
    707    1017.000  0.805971E+25  0.169381E+22
    708    1022.000  0.807672E+25  0.170795E+22
    709    1027.000  0.809385E+25  0.172212E+22
    710    1032.000  0.811109E+25  0.173632E+22
    711    1037.000  0.812848E+25  0.175055E+22
    712    1042.000  0.814609E+25  0.176481E+22
    713    1047.000  0.816399E+25  0.177910E+22
    714    1052.000  0.818226E+25  0.179342E+22
    715    1057.000  0.820094E+25  0.180778E+22
    716    1062.000  0.822009E+25  0.182217E+22
    717    1067.000  0.823971E+25  0.183659E+22
    718    1072.000  0.825982E+25  0.185104E+22
    719    1077.000  0.828038E+25  0.186553E+22
    720    1082.000  0.830139E+25  0.188006E+22
    721    1087.000  0.832279E+25  0.189463E+22
    722    1092.000  0.834453E+25  0.190923E+22
    723    1097.000  0.836655E+25  0.192387E+22
    724    1102.000  0.838875E+25  0.193854E+22
    725    1107.000  0.841104E+25  0.195326E+22
    726    1112.000  0.843332E+25  0.196802E+22
    727    1117.000  0.845550E+25  0.198281E+22
    728    1122.000  0.847746E+25  0.199765E+22
    729    1127.000  0.849913E+25  0.201252E+22
    730    1132.000  0.852043E+25  0.202743E+22
    731    1137.000  0.854128E+25  0.204238E+22
    732    1142.000  0.856164E+25  0.205736E+22
    733    1147.000  0.858146E+25  0.207238E+22
    734    1152.000  0.860071E+25  0.208744E+22
    735    1157.000  0.861939E+25  0.210253E+22
    736    1162.000  0.863750E+25  0.211765E+22
    737    1167.000  0.865505E+25  0.213280E+22
    738    1172.000  0.867208E+25  0.214799E+22
    739    1177.000  0.868863E+25  0.216320E+22
    740    1182.000  0.870474E+25  0.217845E+22
    741    1187.000  0.872046E+25  0.219372E+22
    742    1192.000  0.873585E+25  0.220902E+22
    743    1197.000  0.875099E+25  0.222434E+22
    744    1202.000  0.876592E+25  0.223970E+22
    745    1207.000  0.878073E+25  0.225507E+22
    746    1212.000  0.879547E+25  0.227048E+22
    747    1217.000  0.881020E+25  0.228591E+22
    748    1222.000  0.882498E+25  0.230137E+22
    749    1227.000  0.883987E+25  0.231685E+22
    750    1232.000  0.885492E+25  0.233236E+22
    751    1237.000  0.887017E+25  0.234789E+22
    752    1242.000  0.888568E+25  0.236345E+22
    753    1247.000  0.890146E+25  0.237904E+22
    754    1252.000  0.891757E+25  0.239466E+22
    755    1257.000  0.893403E+25  0.241030E+22
    756    1262.000  0.895084E+25  0.242598E+22
    757    1267.000  0.896805E+25  0.244168E+22
    758    1272.000  0.898565E+25  0.245741E+22
    759    1277.000  0.900366E+25  0.247318E+22
    760    1282.000  0.902209E+25  0.248898E+22
    761    1287.000  0.904093E+25  0.250480E+22
    762    1292.000  0.906018E+25  0.252066E+22
    763    1297.000  0.907983E+25  0.253656E+22
    764    1302.000  0.909987E+25  0.255249E+22
    765    1307.000  0.912027E+25  0.256845E+22
    766    1312.000  0.914103E+25  0.258445E+22
    767    1317.000  0.916212E+25  0.260049E+22
    768    1322.000  0.918351E+25  0.261657E+22
    769    1327.000  0.920519E+25  0.263268E+22
    770    1332.000  0.922713E+25  0.264883E+22
    771    1337.000  0.924930E+25  0.266501E+22
    772    1342.000  0.927169E+25  0.268124E+22
    773    1347.000  0.929430E+25  0.269751E+22
    774    1352.000  0.931713E+25  0.271381E+22
    775    1357.000  0.934019E+25  0.273016E+22
    776    1362.000  0.936352E+25  0.274655E+22
    777    1367.000  0.938714E+25  0.276297E+22
    778    1372.000  0.941109E+25  0.277944E+22
    779    1377.000  0.943536E+25  0.279595E+22
    780    1382.000  0.945988E+25  0.281251E+22
    781    1387.000  0.948452E+25  0.282910E+22
    782    1392.000  0.950905E+25  0.284574E+22
    783    1397.000  0.953322E+25  0.286242E+22
    784    1402.000  0.955676E+25  0.287915E+22
    785    1407.000  0.957946E+25  0.289592E+22
    786    1412.000  0.960125E+25  0.291272E+22
    787    1417.000  0.962215E+25  0.292957E+22
    788    1422.000  0.964230E+25  0.294645E+22
    789    1427.000  0.966192E+25  0.296336E+22
    790    1432.000  0.968128E+25  0.298031E+22
    791    1437.000  0.970070E+25  0.299730E+22
    792    1442.000  0.972050E+25  0.301432E+22
    793    1447.000  0.974107E+25  0.303137E+22
    794    1452.000  0.976289E+25  0.304846E+22
    795    1457.000  0.978667E+25  0.306559E+22
    796    1462.000  0.981337E+25  0.308276E+22
    797    1467.000  0.984393E+25  0.309997E+22
    798    1472.000  0.987861E+25  0.311724E+22
    799    1477.000  0.991634E+25  0.313458E+22
    800    1482.000  0.995456E+25  0.315197E+22
    801    1487.000  0.999002E+25  0.316944E+22
    802    1492.000  0.100201E+26  0.318696E+22
    803    1497.000  0.100436E+26  0.320454E+22
    804    1502.000  0.100606E+26  0.322216E+22
    805    1507.000  0.100724E+26  0.323981E+22
    806    1512.000  0.100807E+26  0.325748E+22
    807    1517.000  0.100874E+26  0.327517E+22
    808    1522.000  0.100938E+26  0.329287E+22
    809    1527.000  0.101010E+26  0.331058E+22
    810    1532.000  0.101095E+26  0.332830E+22
    811    1537.000  0.101193E+26  0.334603E+22
    812    1542.000  0.101304E+26  0.336379E+22
    813    1547.000  0.101424E+26  0.338156E+22
    814    1552.000  0.101550E+26  0.339935E+22
    815    1557.000  0.101680E+26  0.341717E+22
    816    1562.000  0.101810E+26  0.343501E+22
    817    1567.000  0.101938E+26  0.345287E+22
    818    1572.000  0.102066E+26  0.347075E+22
    819    1577.000  0.102192E+26  0.348866E+22
    820    1582.000  0.102317E+26  0.350659E+22
    821    1587.000  0.102443E+26  0.352454E+22
    822    1592.000  0.102569E+26  0.354251E+22
    823    1597.000  0.102697E+26  0.356050E+22
    824    1602.000  0.102827E+26  0.357852E+22
    825    1607.000  0.102959E+26  0.359656E+22
    826    1612.000  0.103093E+26  0.361462E+22
    827    1617.000  0.103228E+26  0.363271E+22
    828    1622.000  0.103364E+26  0.365082E+22
    829    1627.000  0.103501E+26  0.366895E+22
    830    1632.000  0.103639E+26  0.368711E+22
    831    1637.000  0.103777E+26  0.370530E+22
    832    1642.000  0.103916E+26  0.372350E+22
    833    1647.000  0.104055E+26  0.374173E+22
    834    1652.000  0.104194E+26  0.375999E+22
    835    1657.000  0.104333E+26  0.377827E+22
    836    1662.000  0.104472E+26  0.379657E+22
    837    1667.000  0.104610E+26  0.381490E+22
    838    1672.000  0.104748E+26  0.383325E+22
    839    1677.000  0.104885E+26  0.385163E+22
    840    1682.000  0.105021E+26  0.387003E+22
    841    1687.000  0.105156E+26  0.388846E+22
    842    1692.000  0.105290E+26  0.390690E+22
    843    1697.000  0.105422E+26  0.392538E+22
    844    1702.000  0.105552E+26  0.394387E+22
    845    1707.000  0.105681E+26  0.396239E+22
    846    1712.000  0.105807E+26  0.398093E+22
    847    1717.000  0.105932E+26  0.399949E+22
    848    1722.000  0.106054E+26  0.401808E+22
    849    1727.000  0.106174E+26  0.403668E+22
    850    1732.000  0.106292E+26  0.405531E+22
    851    1737.000  0.106408E+26  0.407396E+22
    852    1742.000  0.106521E+26  0.409263E+22
    853    1747.000  0.106633E+26  0.411131E+22
    854    1752.000  0.106741E+26  0.413002E+22
    855    1757.000  0.106848E+26  0.414875E+22
    856    1762.000  0.106953E+26  0.416749E+22
    857    1767.000  0.107055E+26  0.418626E+22
    858    1772.000  0.107156E+26  0.420504E+22
    859    1777.000  0.107255E+26  0.422384E+22
    860    1782.000  0.107352E+26  0.424266E+22
    861    1787.000  0.107447E+26  0.426149E+22
    862    1792.000  0.107541E+26  0.428034E+22
    863    1797.000  0.107633E+26  0.429921E+22
    864    1802.000  0.107724E+26  0.431809E+22
    865    1807.000  0.107813E+26  0.433699E+22
    866    1812.000  0.107901E+26  0.435590E+22
    867    1817.000  0.107988E+26  0.437483E+22
    868    1822.000  0.108073E+26  0.439378E+22
    869    1827.000  0.108158E+26  0.441274E+22
    870    1832.000  0.108241E+26  0.443171E+22
    871    1837.000  0.108323E+26  0.445070E+22
    872    1842.000  0.108404E+26  0.446971E+22
    873    1847.000  0.108484E+26  0.448873E+22
    874    1852.000  0.108563E+26  0.450776E+22
    875    1857.000  0.108640E+26  0.452680E+22
    876    1862.000  0.108717E+26  0.454586E+22
    877    1867.000  0.108792E+26  0.456494E+22
    878    1872.000  0.108866E+26  0.458402E+22
    879    1877.000  0.108939E+26  0.460312E+22
    880    1882.000  0.109010E+26  0.462223E+22
    881    1887.000  0.109080E+26  0.464136E+22
    882    1892.000  0.109149E+26  0.466050E+22
    883    1897.000  0.109216E+26  0.467965E+22
    884    1902.000  0.109281E+26  0.469881E+22
    885    1907.000  0.109345E+26  0.471798E+22
    886    1912.000  0.109407E+26  0.473716E+22
    887    1917.000  0.109468E+26  0.475636E+22
    888    1922.000  0.109527E+26  0.477556E+22
    889    1927.000  0.109585E+26  0.479478E+22
    890    1932.000  0.109640E+26  0.481400E+22
    891    1937.000  0.109694E+26  0.483324E+22
    892    1942.000  0.109747E+26  0.485248E+22
    893    1947.000  0.109798E+26  0.487174E+22
    894    1952.000  0.109847E+26  0.489100E+22
    895    1957.000  0.109894E+26  0.491027E+22
    896    1962.000  0.109940E+26  0.492955E+22
    897    1967.000  0.109984E+26  0.494884E+22
    898    1972.000  0.110027E+26  0.496813E+22
    899    1977.000  0.110068E+26  0.498744E+22
    900    1982.000  0.110107E+26  0.500675E+22
    901    1987.000  0.110144E+26  0.502606E+22
    902    1992.000  0.110181E+26  0.504539E+22
    903    1997.000  0.110215E+26  0.506472E+22
    904    2002.000  0.110248E+26  0.508405E+22
    905    2007.000  0.110280E+26  0.510339E+22
    906    2012.000  0.110310E+26  0.512274E+22
    907    2017.000  0.110339E+26  0.514209E+22
    908    2022.000  0.110366E+26  0.516145E+22
    909    2027.000  0.110392E+26  0.518081E+22
    910    2032.000  0.110417E+26  0.520018E+22
    911    2037.000  0.110440E+26  0.521955E+22
    912    2042.000  0.110462E+26  0.523893E+22
    913    2047.000  0.110483E+26  0.525831E+22
    914    2052.000  0.110502E+26  0.527769E+22
    915    2057.000  0.110520E+26  0.529708E+22
    916    2062.000  0.110537E+26  0.531647E+22
    917    2067.000  0.110552E+26  0.533586E+22
    918    2072.000  0.110567E+26  0.535525E+22
    919    2077.000  0.110580E+26  0.537465E+22
    920    2082.000  0.110592E+26  0.539405E+22
    921    2087.000  0.110602E+26  0.541345E+22
    922    2092.000  0.110612E+26  0.543286E+22
    923    2097.000  0.110620E+26  0.545226E+22
    924    2102.000  0.110627E+26  0.547167E+22
    925    2107.000  0.110632E+26  0.549108E+22
    926    2112.000  0.110637E+26  0.551049E+22
    927    2117.000  0.110640E+26  0.552990E+22
    928    2122.000  0.110642E+26  0.554931E+22
    929    2127.000  0.110643E+26  0.556872E+22
    930    2132.000  0.110643E+26  0.558813E+22
    931    2137.000  0.110642E+26  0.560754E+22
    932    2142.000  0.110640E+26  0.562695E+22
    933    2147.000  0.110636E+26  0.564636E+22
    934    2152.000  0.110632E+26  0.566577E+22
    935    2157.000  0.110626E+26  0.568518E+22
    936    2162.000  0.110620E+26  0.570459E+22
    937    2167.000  0.110612E+26  0.572400E+22
    938    2172.000  0.110603E+26  0.574340E+22
    939    2177.000  0.110593E+26  0.576281E+22
    940    2182.000  0.110583E+26  0.578221E+22
    941    2187.000  0.110571E+26  0.580161E+22
    942    2192.000  0.110558E+26  0.582101E+22
    943    2197.000  0.110544E+26  0.584041E+22
    944    2202.000  0.110529E+26  0.585980E+22
    945    2207.000  0.110514E+26  0.587919E+22
    946    2212.000  0.110497E+26  0.589858E+22
    947    2217.000  0.110479E+26  0.591796E+22
    948    2222.000  0.110461E+26  0.593735E+22
    949    2227.000  0.110441E+26  0.595673E+22
    950    2232.000  0.110421E+26  0.597610E+22
    951    2237.000  0.110400E+26  0.599547E+22
    952    2242.000  0.110378E+26  0.601484E+22
    953    2247.000  0.110355E+26  0.603421E+22
    954    2252.000  0.110332E+26  0.605357E+22
    955    2257.000  0.110307E+26  0.607292E+22
    956    2262.000  0.110282E+26  0.609228E+22
    957    2267.000  0.110256E+26  0.611162E+22
    958    2272.000  0.110230E+26  0.613097E+22
    959    2277.000  0.110202E+26  0.615031E+22
    960    2282.000  0.110174E+26  0.616964E+22
    961    2287.000  0.110146E+26  0.618897E+22
    962    2292.000  0.110116E+26  0.620829E+22
    963    2297.000  0.110086E+26  0.622761E+22
    964    2302.000  0.110056E+26  0.624692E+22
    965    2307.000  0.110024E+26  0.626623E+22
    966    2312.000  0.109992E+26  0.628554E+22
    967    2317.000  0.109960E+26  0.630483E+22
    968    2322.000  0.109926E+26  0.632412E+22
    969    2327.000  0.109892E+26  0.634341E+22
    970    2332.000  0.109857E+26  0.636269E+22
    971    2337.000  0.109822E+26  0.638196E+22
    972    2342.000  0.109786E+26  0.640123E+22
    973    2347.000  0.109749E+26  0.642049E+22
    974    2352.000  0.109711E+26  0.643974E+22
    975    2357.000  0.109673E+26  0.645899E+22
    976    2362.000  0.109634E+26  0.647823E+22
    977    2367.000  0.109594E+26  0.649747E+22
    978    2372.000  0.109553E+26  0.651669E+22
    979    2377.000  0.109511E+26  0.653591E+22
    980    2382.000  0.109468E+26  0.655513E+22
    981    2387.000  0.109424E+26  0.657433E+22
    982    2392.000  0.109380E+26  0.659353E+22
    983    2397.000  0.109334E+26  0.661272E+22
    984    2402.000  0.109287E+26  0.663190E+22
    985    2407.000  0.109239E+26  0.665107E+22
    986    2412.000  0.109190E+26  0.667024E+22
    987    2417.000  0.109140E+26  0.668939E+22
    988    2422.000  0.109089E+26  0.670854E+22
    989    2427.000  0.109037E+26  0.672768E+22
    990    2432.000  0.108984E+26  0.674681E+22
    991    2437.000  0.108930E+26  0.676593E+22
    992    2442.000  0.108875E+26  0.678504E+22
    993    2447.000  0.108819E+26  0.680414E+22
    994    2452.000  0.108762E+26  0.682323E+22
    995    2457.000  0.108704E+26  0.684231E+22
    996    2462.000  0.108645E+26  0.686138E+22
    997    2467.000  0.108586E+26  0.688044E+22
    998    2472.000  0.108525E+26  0.689949E+22
    999    2477.000  0.108463E+26  0.691853E+22
   1000    2482.000  0.108400E+26  0.693756E+22
   1001    2487.000  0.108337E+26  0.695658E+22
   1002    2492.000  0.108272E+26  0.697559E+22
   1003    2497.000  0.108207E+26  0.699458E+22
   1004    2502.000  0.108141E+26  0.701356E+22
   1005    2507.000  0.108074E+26  0.703254E+22
   1006    2512.000  0.108006E+26  0.705150E+22
   1007    2517.000  0.107937E+26  0.707045E+22
   1008    2522.000  0.107868E+26  0.708938E+22
   1009    2527.000  0.107797E+26  0.710831E+22
   1010    2532.000  0.107726E+26  0.712722E+22
   1011    2537.000  0.107655E+26  0.714612E+22
   1012    2542.000  0.107582E+26  0.716500E+22
   1013    2547.000  0.107508E+26  0.718388E+22
   1014    2552.000  0.107434E+26  0.720274E+22
   1015    2557.000  0.107359E+26  0.722159E+22
   1016    2562.000  0.107284E+26  0.724042E+22
   1017    2567.000  0.107207E+26  0.725924E+22
   1018    2572.000  0.107130E+26  0.727805E+22
   1019    2577.000  0.107052E+26  0.729685E+22
   1020    2582.000  0.106973E+26  0.731563E+22
   1021    2587.000  0.106893E+26  0.733440E+22
   1022    2592.000  0.106813E+26  0.735315E+22
   1023    2597.000  0.106731E+26  0.737189E+22
   1024    2602.000  0.106649E+26  0.739061E+22
   1025    2607.000  0.106567E+26  0.740932E+22
   1026    2612.000  0.106483E+26  0.742802E+22
   1027    2617.000  0.106399E+26  0.744670E+22
   1028    2622.000  0.106314E+26  0.746537E+22
   1029    2627.000  0.106228E+26  0.748402E+22
   1030    2632.000  0.106142E+26  0.750266E+22
   1031    2637.000  0.106055E+26  0.752128E+22
   1032    2642.000  0.105967E+26  0.753988E+22
   1033    2647.000  0.105878E+26  0.755847E+22
   1034    2652.000  0.105789E+26  0.757705E+22
   1035    2657.000  0.105699E+26  0.759561E+22
   1036    2662.000  0.105608E+26  0.761415E+22
   1037    2667.000  0.105517E+26  0.763268E+22
   1038    2672.000  0.105425E+26  0.765119E+22
   1039    2677.000  0.105333E+26  0.766969E+22
   1040    2682.000  0.105239E+26  0.768817E+22
   1041    2687.000  0.105145E+26  0.770663E+22
   1042    2692.000  0.105051E+26  0.772508E+22
   1043    2697.000  0.104956E+26  0.774351E+22
   1044    2702.000  0.104860E+26  0.776192E+22
   1045    2707.000  0.104763E+26  0.778032E+22
   1046    2712.000  0.104666E+26  0.779870E+22
   1047    2717.000  0.104568E+26  0.781706E+22
   1048    2722.000  0.104470E+26  0.783540E+22
   1049    2727.000  0.104371E+26  0.785373E+22
   1050    2732.000  0.104271E+26  0.787204E+22
   1051    2737.000  0.104171E+26  0.789034E+22
   1052    2742.000  0.104070E+26  0.790861E+22
   1053    2747.000  0.103968E+26  0.792687E+22
   1054    2752.000  0.103866E+26  0.794511E+22
   1055    2757.000  0.103763E+26  0.796333E+22
   1056    2762.000  0.103659E+26  0.798154E+22
   1057    2767.000  0.103555E+26  0.799972E+22
   1058    2772.000  0.103450E+26  0.801789E+22
   1059    2777.000  0.103344E+26  0.803604E+22
   1060    2782.000  0.103238E+26  0.805417E+22
   1061    2787.000  0.103131E+26  0.807228E+22
   1062    2792.000  0.103023E+26  0.809037E+22
   1063    2797.000  0.102914E+26  0.810845E+22
   1064    2802.000  0.102805E+26  0.812650E+22
   1065    2807.000  0.102695E+26  0.814454E+22
   1066    2812.000  0.102585E+26  0.816256E+22
   1067    2817.000  0.102473E+26  0.818055E+22
   1068    2822.000  0.102361E+26  0.819853E+22
   1069    2827.000  0.102248E+26  0.821649E+22
   1070    2832.000  0.102135E+26  0.823443E+22
   1071    2837.000  0.102020E+26  0.825235E+22
   1072    2842.000  0.101905E+26  0.827024E+22
   1073    2847.000  0.101790E+26  0.828812E+22
   1074    2852.000  0.101673E+26  0.830598E+22
   1075    2857.000  0.101555E+26  0.832382E+22
   1076    2862.000  0.101437E+26  0.834163E+22
   1077    2867.000  0.101318E+26  0.835943E+22
   1078    2872.000  0.101198E+26  0.837721E+22
   1079    2877.000  0.101078E+26  0.839496E+22
   1080    2882.000  0.100956E+26  0.841269E+22
   1081    2887.000  0.100834E+26  0.843040E+22
   1082    2892.000  0.100711E+26  0.844809E+22
   1083    2897.000  0.100587E+26  0.846576E+22
   1084    2902.000  0.100463E+26  0.848341E+22
   1085    2907.000  0.100337E+26  0.850104E+22
   1086    2912.000  0.100211E+26  0.851864E+22
   1087    2917.000  0.100084E+26  0.853622E+22
   1088    2922.000  0.999561E+25  0.855378E+22
   1089    2927.000  0.998275E+25  0.857131E+22
   1090    2932.000  0.996981E+25  0.858883E+22
   1091    2937.000  0.995680E+25  0.860632E+22
   1092    2942.000  0.994371E+25  0.862379E+22
   1093    2947.000  0.993055E+25  0.864123E+22
   1094    2952.000  0.991730E+25  0.865865E+22
   1095    2957.000  0.990398E+25  0.867605E+22
   1096    2962.000  0.989058E+25  0.869343E+22
   1097    2967.000  0.987710E+25  0.871078E+22
   1098    2972.000  0.986354E+25  0.872811E+22
   1099    2977.000  0.984991E+25  0.874541E+22
   1100    2982.000  0.983622E+25  0.876269E+22
   1101    2987.000  0.982245E+25  0.877995E+22
   1102    2992.000  0.980861E+25  0.879718E+22
   1103    2997.000  0.979470E+25  0.881439E+22
   1104    3002.000  0.978072E+25  0.883157E+22
   1105    3007.000  0.976667E+25  0.884873E+22
   1106    3012.000  0.975254E+25  0.886587E+22
   1107    3017.000  0.973834E+25  0.888298E+22
   1108    3022.000  0.972407E+25  0.890006E+22
   1109    3027.000  0.970974E+25  0.891712E+22
   1110    3032.000  0.969534E+25  0.893416E+22
   1111    3037.000  0.968089E+25  0.895117E+22
   1112    3042.000  0.966637E+25  0.896815E+22
   1113    3047.000  0.965179E+25  0.898511E+22
   1114    3052.000  0.963714E+25  0.900204E+22
   1115    3057.000  0.962243E+25  0.901895E+22
   1116    3062.000  0.960766E+25  0.903583E+22
   1117    3067.000  0.959282E+25  0.905269E+22
   1118    3072.000  0.957792E+25  0.906952E+22
   1119    3077.000  0.956296E+25  0.908632E+22
   1120    3082.000  0.954795E+25  0.910310E+22
   1121    3087.000  0.953289E+25  0.911985E+22
   1122    3092.000  0.951777E+25  0.913657E+22
   1123    3097.000  0.950261E+25  0.915327E+22
   1124    3102.000  0.948739E+25  0.916994E+22
   1125    3107.000  0.947212E+25  0.918659E+22
   1126    3112.000  0.945679E+25  0.920320E+22
   1127    3117.000  0.944142E+25  0.921979E+22
   1128    3122.000  0.942598E+25  0.923636E+22
   1129    3127.000  0.941049E+25  0.925290E+22
   1130    3132.000  0.939496E+25  0.926940E+22
   1131    3137.000  0.937938E+25  0.928589E+22
   1132    3142.000  0.936376E+25  0.930234E+22
   1133    3147.000  0.934810E+25  0.931877E+22
   1134    3152.000  0.933240E+25  0.933517E+22
   1135    3157.000  0.931666E+25  0.935154E+22
   1136    3162.000  0.930087E+25  0.936789E+22
   1137    3167.000  0.928504E+25  0.938421E+22
   1138    3172.000  0.926916E+25  0.940050E+22
   1139    3177.000  0.925323E+25  0.941676E+22
   1140    3182.000  0.923726E+25  0.943299E+22
   1141    3187.000  0.922125E+25  0.944920E+22
   1142    3192.000  0.920520E+25  0.946537E+22
   1143    3197.000  0.918912E+25  0.948152E+22
   1144    3202.000  0.917299E+25  0.949764E+22
   1145    3207.000  0.915683E+25  0.951374E+22
   1146    3212.000  0.914063E+25  0.952980E+22
   1147    3217.000  0.912439E+25  0.954584E+22
   1148    3222.000  0.910810E+25  0.956185E+22
   1149    3227.000  0.909176E+25  0.957783E+22
   1150    3232.000  0.907538E+25  0.959378E+22
   1151    3237.000  0.905895E+25  0.960970E+22
   1152    3242.000  0.904248E+25  0.962559E+22
   1153    3247.000  0.902597E+25  0.964145E+22
   1154    3252.000  0.900941E+25  0.965729E+22
   1155    3257.000  0.899280E+25  0.967310E+22
   1156    3262.000  0.897615E+25  0.968887E+22
   1157    3267.000  0.895946E+25  0.970462E+22
   1158    3272.000  0.894271E+25  0.972034E+22
   1159    3277.000  0.892590E+25  0.973603E+22
   1160    3282.000  0.890904E+25  0.975169E+22
   1161    3287.000  0.889212E+25  0.976732E+22
   1162    3292.000  0.887515E+25  0.978292E+22
   1163    3297.000  0.885812E+25  0.979849E+22
   1164    3302.000  0.884103E+25  0.981403E+22
   1165    3307.000  0.882389E+25  0.982954E+22
   1166    3312.000  0.880670E+25  0.984502E+22
   1167    3317.000  0.878945E+25  0.986047E+22
   1168    3322.000  0.877215E+25  0.987589E+22
   1169    3327.000  0.875479E+25  0.989128E+22
   1170    3332.000  0.873736E+25  0.990664E+22
   1171    3337.000  0.871987E+25  0.992197E+22
   1172    3342.000  0.870231E+25  0.993727E+22
   1173    3347.000  0.868469E+25  0.995253E+22
   1174    3352.000  0.866702E+25  0.996777E+22
   1175    3357.000  0.864929E+25  0.998298E+22
   1176    3362.000  0.863151E+25  0.999815E+22
   1177    3367.000  0.861366E+25  0.100133E+23
   1178    3372.000  0.859577E+25  0.100284E+23
   1179    3377.000  0.857782E+25  0.100435E+23
   1180    3382.000  0.855982E+25  0.100585E+23
   1181    3387.000  0.854177E+25  0.100736E+23
   1182    3392.000  0.852366E+25  0.100885E+23
   1183    3397.000  0.850548E+25  0.101035E+23
   1184    3402.000  0.848725E+25  0.101184E+23
   1185    3407.000  0.846897E+25  0.101333E+23
   1186    3412.000  0.845064E+25  0.101482E+23
   1187    3417.000  0.843226E+25  0.101630E+23
   1188    3422.000  0.841384E+25  0.101778E+23
   1189    3427.000  0.839537E+25  0.101925E+23
   1190    3432.000  0.837686E+25  0.102073E+23
   1191    3437.000  0.835830E+25  0.102220E+23
   1192    3442.000  0.833971E+25  0.102366E+23
   1193    3447.000  0.832107E+25  0.102513E+23
   1194    3452.000  0.830238E+25  0.102659E+23
   1195    3457.000  0.828365E+25  0.102804E+23
   1196    3462.000  0.826487E+25  0.102950E+23
   1197    3467.000  0.824605E+25  0.103095E+23
   1198    3472.000  0.822719E+25  0.103239E+23
   1199    3477.000  0.820828E+25  0.103384E+23
   1200    3482.000  0.818934E+25  0.103528E+23
   1201    3487.000  0.817037E+25  0.103671E+23
   1202    3492.000  0.815135E+25  0.103815E+23
   1203    3497.000  0.813230E+25  0.103958E+23
   1204    3502.000  0.811321E+25  0.104100E+23
   1205    3507.000  0.809409E+25  0.104243E+23
   1206    3512.000  0.807493E+25  0.104385E+23
   1207    3517.000  0.805574E+25  0.104526E+23
   1208    3522.000  0.803650E+25  0.104668E+23
   1209    3527.000  0.801722E+25  0.104809E+23
   1210    3532.000  0.799789E+25  0.104949E+23
   1211    3537.000  0.797854E+25  0.105090E+23
   1212    3542.000  0.795914E+25  0.105230E+23
   1213    3547.000  0.793970E+25  0.105369E+23
   1214    3552.000  0.792023E+25  0.105508E+23
   1215    3557.000  0.790073E+25  0.105647E+23
   1216    3562.000  0.788119E+25  0.105786E+23
   1217    3567.000  0.786162E+25  0.105924E+23
   1218    3572.000  0.784200E+25  0.106062E+23
   1219    3577.000  0.782235E+25  0.106200E+23
   1220    3582.000  0.780266E+25  0.106337E+23
   1221    3587.000  0.778293E+25  0.106474E+23
   1222    3592.000  0.776316E+25  0.106610E+23
   1223    3597.000  0.774334E+25  0.106747E+23
   1224    3602.000  0.772349E+25  0.106883E+23
   1225    3607.000  0.770360E+25  0.107018E+23
   1226    3612.000  0.768366E+25  0.107153E+23
   1227    3617.000  0.766369E+25  0.107288E+23
   1228    3622.000  0.764367E+25  0.107422E+23
   1229    3627.000  0.762362E+25  0.107557E+23
   1230    3632.000  0.760353E+25  0.107690E+23
   1231    3637.000  0.758339E+25  0.107824E+23
   1232    3642.000  0.756321E+25  0.107957E+23
   1233    3647.000  0.754299E+25  0.108089E+23
   1234    3652.000  0.752273E+25  0.108222E+23
   1235    3657.000  0.750242E+25  0.108354E+23
   1236    3662.000  0.748208E+25  0.108485E+23
   1237    3667.000  0.746168E+25  0.108617E+23
   1238    3672.000  0.744124E+25  0.108747E+23
   1239    3677.000  0.742076E+25  0.108878E+23
   1240    3682.000  0.740023E+25  0.109008E+23
   1241    3687.000  0.737966E+25  0.109138E+23
   1242    3692.000  0.735905E+25  0.109268E+23
   1243    3697.000  0.733839E+25  0.109397E+23
   1244    3702.000  0.731769E+25  0.109525E+23
   1245    3707.000  0.729693E+25  0.109654E+23
   1246    3712.000  0.727613E+25  0.109782E+23
   1247    3717.000  0.725529E+25  0.109909E+23
   1248    3722.000  0.723440E+25  0.110037E+23
   1249    3727.000  0.721346E+25  0.110164E+23
   1250    3732.000  0.719249E+25  0.110290E+23
   1251    3737.000  0.717147E+25  0.110416E+23
   1252    3742.000  0.715040E+25  0.110542E+23
   1253    3747.000  0.712929E+25  0.110668E+23
   1254    3752.000  0.710813E+25  0.110793E+23
   1255    3757.000  0.708693E+25  0.110917E+23
   1256    3762.000  0.706568E+25  0.111042E+23
   1257    3767.000  0.704439E+25  0.111166E+23
   1258    3772.000  0.702305E+25  0.111289E+23
   1259    3777.000  0.700167E+25  0.111412E+23
   1260    3782.000  0.698023E+25  0.111535E+23
   1261    3787.000  0.695876E+25  0.111658E+23
   1262    3792.000  0.693724E+25  0.111780E+23
   1263    3797.000  0.691568E+25  0.111902E+23
   1264    3802.000  0.689408E+25  0.112023E+23
   1265    3807.000  0.687243E+25  0.112144E+23
   1266    3812.000  0.685075E+25  0.112264E+23
   1267    3817.000  0.682902E+25  0.112385E+23
   1268    3822.000  0.680726E+25  0.112504E+23
   1269    3827.000  0.678546E+25  0.112624E+23
   1270    3832.000  0.676362E+25  0.112743E+23
   1271    3837.000  0.674173E+25  0.112862E+23
   1272    3842.000  0.671981E+25  0.112980E+23
   1273    3847.000  0.669784E+25  0.113098E+23
   1274    3852.000  0.667584E+25  0.113215E+23
   1275    3857.000  0.665380E+25  0.113332E+23
   1276    3862.000  0.663172E+25  0.113449E+23
   1277    3867.000  0.660960E+25  0.113565E+23
   1278    3872.000  0.658745E+25  0.113681E+23
   1279    3877.000  0.656526E+25  0.113797E+23
   1280    3882.000  0.654303E+25  0.113912E+23
   1281    3887.000  0.652078E+25  0.114027E+23
   1282    3892.000  0.649849E+25  0.114141E+23
   1283    3897.000  0.647616E+25  0.114255E+23
   1284    3902.000  0.645381E+25  0.114369E+23
   1285    3907.000  0.643142E+25  0.114482E+23
   1286    3912.000  0.640901E+25  0.114595E+23
   1287    3917.000  0.638656E+25  0.114707E+23
   1288    3922.000  0.636408E+25  0.114819E+23
   1289    3927.000  0.634157E+25  0.114931E+23
   1290    3932.000  0.631904E+25  0.115042E+23
   1291    3937.000  0.629647E+25  0.115153E+23
   1292    3942.000  0.627388E+25  0.115264E+23
   1293    3947.000  0.625127E+25  0.115374E+23
   1294    3952.000  0.622862E+25  0.115483E+23
   1295    3957.000  0.620595E+25  0.115593E+23
   1296    3962.000  0.618326E+25  0.115702E+23
   1297    3967.000  0.616053E+25  0.115810E+23
   1298    3972.000  0.613779E+25  0.115918E+23
   1299    3977.000  0.611502E+25  0.116026E+23
   1300    3982.000  0.609223E+25  0.116133E+23
   1301    3987.000  0.606942E+25  0.116240E+23
   1302    3992.000  0.604660E+25  0.116347E+23
   1303    3997.000  0.602375E+25  0.116453E+23
   1304    4002.000  0.600090E+25  0.116558E+23
   1305    4007.000  0.597802E+25  0.116664E+23
   1306    4012.000  0.595514E+25  0.116768E+23
   1307    4017.000  0.593225E+25  0.116873E+23
   1308    4022.000  0.590934E+25  0.116977E+23
   1309    4027.000  0.588642E+25  0.117081E+23
   1310    4032.000  0.586349E+25  0.117184E+23
   1311    4037.000  0.584056E+25  0.117287E+23
   1312    4042.000  0.581761E+25  0.117389E+23
   1313    4047.000  0.579467E+25  0.117491E+23
   1314    4052.000  0.577171E+25  0.117593E+23
   1315    4057.000  0.574876E+25  0.117694E+23
   1316    4062.000  0.572581E+25  0.117795E+23
   1317    4067.000  0.570286E+25  0.117896E+23
   1318    4072.000  0.567993E+25  0.117996E+23
   1319    4077.000  0.565700E+25  0.118095E+23
   1320    4082.000  0.563408E+25  0.118194E+23
   1321    4087.000  0.561117E+25  0.118293E+23
   1322    4092.000  0.558826E+25  0.118392E+23
   1323    4097.000  0.556537E+25  0.118490E+23
   1324    4102.000  0.554249E+25  0.118587E+23
   1325    4107.000  0.551961E+25  0.118685E+23
   1326    4112.000  0.549674E+25  0.118782E+23
   1327    4117.000  0.547388E+25  0.118878E+23
   1328    4122.000  0.545103E+25  0.118974E+23
   1329    4127.000  0.542819E+25  0.119070E+23
   1330    4132.000  0.540536E+25  0.119165E+23
   1331    4137.000  0.538253E+25  0.119260E+23
   1332    4142.000  0.535969E+25  0.119354E+23
   1333    4147.000  0.533685E+25  0.119448E+23
   1334    4152.000  0.531402E+25  0.119542E+23
   1335    4157.000  0.529122E+25  0.119635E+23
   1336    4162.000  0.526844E+25  0.119728E+23
   1337    4167.000  0.524570E+25  0.119820E+23
   1338    4172.000  0.522300E+25  0.119912E+23
   1339    4177.000  0.520036E+25  0.120004E+23
   1340    4182.000  0.517779E+25  0.120095E+23
   1341    4187.000  0.515528E+25  0.120186E+23
   1342    4192.000  0.513284E+25  0.120276E+23
   1343    4197.000  0.511048E+25  0.120366E+23
   1344    4202.000  0.508821E+25  0.120456E+23
   1345    4207.000  0.506602E+25  0.120545E+23
   1346    4212.000  0.504392E+25  0.120634E+23
   1347    4217.000  0.502193E+25  0.120723E+23
   1348    4222.000  0.500005E+25  0.120811E+23
   1349    4227.000  0.497829E+25  0.120899E+23
   1350    4232.000  0.495665E+25  0.120986E+23
   1351    4237.000  0.493513E+25  0.121073E+23
   1352    4242.000  0.491372E+25  0.121159E+23
   1353    4247.000  0.489244E+25  0.121246E+23
   1354    4252.000  0.487127E+25  0.121332E+23
   1355    4257.000  0.485023E+25  0.121417E+23
   1356    4262.000  0.482930E+25  0.121502E+23
   1357    4267.000  0.480848E+25  0.121587E+23
   1358    4272.000  0.478778E+25  0.121671E+23
   1359    4277.000  0.476718E+25  0.121755E+23
   1360    4282.000  0.474671E+25  0.121839E+23
   1361    4287.000  0.472634E+25  0.121922E+23
   1362    4292.000  0.470608E+25  0.122005E+23
   1363    4297.000  0.468594E+25  0.122088E+23
   1364    4302.000  0.466593E+25  0.122170E+23
   1365    4307.000  0.464606E+25  0.122252E+23
   1366    4312.000  0.462631E+25  0.122333E+23
   1367    4317.000  0.460671E+25  0.122414E+23
   1368    4322.000  0.458725E+25  0.122495E+23
   1369    4327.000  0.456793E+25  0.122576E+23
   1370    4332.000  0.454877E+25  0.122656E+23
   1371    4337.000  0.452977E+25  0.122736E+23
   1372    4342.000  0.451093E+25  0.122815E+23
   1373    4347.000  0.449226E+25  0.122894E+23
   1374    4352.000  0.447376E+25  0.122973E+23
   1375    4357.000  0.445543E+25  0.123051E+23
   1376    4362.000  0.443728E+25  0.123130E+23
   1377    4367.000  0.441931E+25  0.123207E+23
   1378    4372.000  0.440152E+25  0.123285E+23
   1379    4377.000  0.438392E+25  0.123362E+23
   1380    4382.000  0.436651E+25  0.123439E+23
   1381    4387.000  0.434928E+25  0.123516E+23
   1382    4392.000  0.433225E+25  0.123592E+23
   1383    4397.000  0.431541E+25  0.123668E+23
   1384    4402.000  0.429877E+25  0.123744E+23
   1385    4407.000  0.428231E+25  0.123819E+23
   1386    4412.000  0.426604E+25  0.123894E+23
   1387    4417.000  0.424993E+25  0.123969E+23
   1388    4422.000  0.423397E+25  0.124044E+23
   1389    4427.000  0.421815E+25  0.124118E+23
   1390    4432.000  0.420247E+25  0.124192E+23
   1391    4437.000  0.418696E+25  0.124266E+23
   1392    4442.000  0.417162E+25  0.124339E+23
   1393    4447.000  0.415647E+25  0.124412E+23
   1394    4452.000  0.414151E+25  0.124485E+23
   1395    4457.000  0.412675E+25  0.124558E+23
   1396    4462.000  0.411219E+25  0.124630E+23
   1397    4467.000  0.409784E+25  0.124702E+23
   1398    4472.000  0.408369E+25  0.124774E+23
   1399    4477.000  0.406974E+25  0.124846E+23
   1400    4482.000  0.405599E+25  0.124917E+23
   1401    4487.000  0.404244E+25  0.124989E+23
   1402    4492.000  0.402908E+25  0.125059E+23
   1403    4497.000  0.401577E+25  0.125130E+23
   1404    4502.000  0.400234E+25  0.125201E+23
   1405    4507.000  0.398909E+25  0.125271E+23
   1406    4512.000  0.397604E+25  0.125341E+23
   1407    4517.000  0.396316E+25  0.125411E+23
   1408    4522.000  0.395048E+25  0.125480E+23
   1409    4527.000  0.393797E+25  0.125549E+23
   1410    4532.000  0.392563E+25  0.125618E+23
   1411    4537.000  0.391347E+25  0.125687E+23
   1412    4542.000  0.390146E+25  0.125756E+23
   1413    4547.000  0.388962E+25  0.125824E+23
   1414    4552.000  0.387792E+25  0.125893E+23
   1415    4557.000  0.386636E+25  0.125961E+23
   1416    4562.000  0.385494E+25  0.126029E+23
   1417    4567.000  0.384365E+25  0.126096E+23
   1418    4572.000  0.383249E+25  0.126164E+23
   1419    4577.000  0.382145E+25  0.126231E+23
   1420    4582.000  0.381052E+25  0.126298E+23
   1421    4587.000  0.379971E+25  0.126365E+23
   1422    4592.000  0.378900E+25  0.126431E+23
   1423    4597.000  0.377839E+25  0.126498E+23
   1424    4602.000  0.376788E+25  0.126564E+23
   1425    4607.000  0.375747E+25  0.126630E+23
   1426    4612.000  0.374715E+25  0.126696E+23
   1427    4617.000  0.373691E+25  0.126762E+23
   1428    4622.000  0.372677E+25  0.126828E+23
   1429    4627.000  0.371670E+25  0.126893E+23
   1430    4632.000  0.370672E+25  0.126958E+23
   1431    4637.000  0.369682E+25  0.127023E+23
   1432    4642.000  0.368700E+25  0.127088E+23
   1433    4647.000  0.367725E+25  0.127153E+23
   1434    4652.000  0.366758E+25  0.127217E+23
   1435    4657.000  0.365797E+25  0.127282E+23
   1436    4662.000  0.364844E+25  0.127346E+23
   1437    4667.000  0.363897E+25  0.127410E+23
   1438    4672.000  0.362957E+25  0.127474E+23
   1439    4677.000  0.362024E+25  0.127537E+23
   1440    4682.000  0.361098E+25  0.127601E+23
   1441    4687.000  0.360180E+25  0.127664E+23
   1442    4692.000  0.359268E+25  0.127727E+23
   1443    4697.000  0.358363E+25  0.127790E+23
   1444    4702.000  0.357465E+25  0.127853E+23
   1445    4707.000  0.356573E+25  0.127916E+23
   1446    4712.000  0.355689E+25  0.127978E+23
   1447    4717.000  0.354810E+25  0.128041E+23
   1448    4722.000  0.353939E+25  0.128103E+23
   1449    4727.000  0.353074E+25  0.128165E+23
   1450    4732.000  0.352216E+25  0.128227E+23
   1451    4737.000  0.351364E+25  0.128289E+23
   1452    4742.000  0.350518E+25  0.128351E+23
   1453    4747.000  0.349679E+25  0.128412E+23
   1454    4752.000  0.348845E+25  0.128473E+23
   1455    4757.000  0.348018E+25  0.128535E+23
   1456    4762.000  0.347196E+25  0.128596E+23
   1457    4767.000  0.346381E+25  0.128657E+23
   1458    4772.000  0.345571E+25  0.128717E+23
   1459    4777.000  0.344768E+25  0.128778E+23
   1460    4782.000  0.343970E+25  0.128838E+23
   1461    4787.000  0.343178E+25  0.128899E+23
   1462    4792.000  0.342391E+25  0.128959E+23
   1463    4797.000  0.341611E+25  0.129019E+23
   1464    4802.000  0.340836E+25  0.129079E+23
   1465    4807.000  0.340066E+25  0.129139E+23
   1466    4812.000  0.339301E+25  0.129198E+23
   1467    4817.000  0.338542E+25  0.129258E+23
   1468    4822.000  0.337789E+25  0.129317E+23
   1469    4827.000  0.337040E+25  0.129377E+23
   1470    4832.000  0.336297E+25  0.129436E+23
   1471    4837.000  0.335559E+25  0.129495E+23
   1472    4842.000  0.334827E+25  0.129554E+23
   1473    4847.000  0.334099E+25  0.129612E+23
   1474    4852.000  0.333377E+25  0.129671E+23
   1475    4857.000  0.332659E+25  0.129730E+23
   1476    4862.000  0.331947E+25  0.129788E+23
   1477    4867.000  0.331239E+25  0.129846E+23
   1478    4872.000  0.330536E+25  0.129904E+23
   1479    4877.000  0.329837E+25  0.129962E+23
   1480    4882.000  0.329143E+25  0.130020E+23
   1481    4887.000  0.328454E+25  0.130078E+23
   1482    4892.000  0.327769E+25  0.130135E+23
   1483    4897.000  0.327089E+25  0.130193E+23
   1484    4902.000  0.326414E+25  0.130250E+23
   1485    4907.000  0.325743E+25  0.130308E+23
   1486    4912.000  0.325077E+25  0.130365E+23
   1487    4917.000  0.324416E+25  0.130422E+23
   1488    4922.000  0.323758E+25  0.130479E+23
   1489    4927.000  0.323105E+25  0.130535E+23
   1490    4932.000  0.322456E+25  0.130592E+23
   1491    4937.000  0.321811E+25  0.130649E+23
   1492    4942.000  0.321170E+25  0.130705E+23
   1493    4947.000  0.320532E+25  0.130762E+23
   1494    4952.000  0.319899E+25  0.130818E+23
   1495    4957.000  0.319269E+25  0.130874E+23
   1496    4962.000  0.318644E+25  0.130930E+23
   1497    4967.000  0.318023E+25  0.130986E+23
   1498    4972.000  0.317406E+25  0.131042E+23
   1499    4977.000  0.316794E+25  0.131097E+23
   1500    4982.000  0.316187E+25  0.131153E+23
   1501    4987.000  0.315585E+25  0.131208E+23
   1502    4992.000  0.314988E+25  0.131264E+23
   1503    4997.000  0.314395E+25  0.131319E+23
   1504    5002.000  0.313807E+25  0.131374E+23
   1505    5007.000  0.313224E+25  0.131429E+23
   1506    5012.000  0.312647E+25  0.131484E+23
   1507    5017.000  0.312073E+25  0.131539E+23
   1508    5022.000  0.311505E+25  0.131594E+23
   1509    5027.000  0.310941E+25  0.131648E+23
   1510    5032.000  0.310383E+25  0.131703E+23
   1511    5037.000  0.309829E+25  0.131757E+23
   1512    5042.000  0.309279E+25  0.131812E+23
   1513    5047.000  0.308735E+25  0.131866E+23
   1514    5052.000  0.308196E+25  0.131920E+23
   1515    5057.000  0.307661E+25  0.131974E+23
   1516    5062.000  0.307131E+25  0.132028E+23
   1517    5067.000  0.306607E+25  0.132082E+23
   1518    5072.000  0.306087E+25  0.132136E+23
   1519    5077.000  0.305572E+25  0.132190E+23
   1520    5082.000  0.305062E+25  0.132243E+23
   1521    5087.000  0.304556E+25  0.132297E+23
   1522    5092.000  0.304056E+25  0.132350E+23
   1523    5097.000  0.303560E+25  0.132403E+23
   1524    5102.000  0.303069E+25  0.132457E+23
   1525    5107.000  0.302582E+25  0.132510E+23
   1526    5112.000  0.302100E+25  0.132563E+23
   1527    5117.000  0.301623E+25  0.132616E+23
   1528    5122.000  0.301150E+25  0.132669E+23
   1529    5127.000  0.300682E+25  0.132722E+23
   1530    5132.000  0.300218E+25  0.132775E+23
   1531    5137.000  0.299758E+25  0.132827E+23
   1532    5142.000  0.299303E+25  0.132880E+23
   1533    5147.000  0.298852E+25  0.132932E+23
   1534    5152.000  0.298406E+25  0.132985E+23
   1535    5157.000  0.297964E+25  0.133037E+23
   1536    5162.000  0.297526E+25  0.133089E+23
   1537    5167.000  0.297093E+25  0.133142E+23
   1538    5172.000  0.296664E+25  0.133194E+23
   1539    5177.000  0.296240E+25  0.133246E+23
   1540    5182.000  0.295820E+25  0.133298E+23
   1541    5187.000  0.295405E+25  0.133350E+23
   1542    5192.000  0.294994E+25  0.133401E+23
   1543    5197.000  0.294588E+25  0.133453E+23
   1544    5202.000  0.294187E+25  0.133505E+23
   1545    5207.000  0.293791E+25  0.133556E+23
   1546    5212.000  0.293399E+25  0.133608E+23
   1547    5217.000  0.293013E+25  0.133659E+23
   1548    5222.000  0.292631E+25  0.133711E+23
   1549    5227.000  0.292254E+25  0.133762E+23
   1550    5232.000  0.291883E+25  0.133813E+23
   1551    5237.000  0.291517E+25  0.133865E+23
   1552    5242.000  0.291156E+25  0.133916E+23
   1553    5247.000  0.290801E+25  0.133967E+23
   1554    5252.000  0.290451E+25  0.134018E+23
   1555    5257.000  0.290107E+25  0.134069E+23
   1556    5262.000  0.289768E+25  0.134120E+23
   1557    5267.000  0.289435E+25  0.134171E+23
   1558    5272.000  0.289107E+25  0.134221E+23
   1559    5277.000  0.288786E+25  0.134272E+23
   1560    5282.000  0.288470E+25  0.134323E+23
   1561    5287.000  0.288160E+25  0.134373E+23
   1562    5292.000  0.287855E+25  0.134424E+23
   1563    5297.000  0.287557E+25  0.134474E+23
   1564    5302.000  0.287264E+25  0.134525E+23
   1565    5307.000  0.286977E+25  0.134575E+23
   1566    5312.000  0.286696E+25  0.134626E+23
   1567    5317.000  0.286421E+25  0.134676E+23
   1568    5322.000  0.286152E+25  0.134726E+23
   1569    5327.000  0.285888E+25  0.134776E+23
   1570    5332.000  0.285630E+25  0.134827E+23
   1571    5337.000  0.285378E+25  0.134877E+23
   1572    5342.000  0.285132E+25  0.134927E+23
   1573    5347.000  0.284891E+25  0.134977E+23
   1574    5352.000  0.284656E+25  0.135027E+23
   1575    5357.000  0.284428E+25  0.135077E+23
   1576    5362.000  0.284205E+25  0.135127E+23
   1577    5367.000  0.283988E+25  0.135176E+23
   1578    5372.000  0.283777E+25  0.135226E+23
   1579    5377.000  0.283573E+25  0.135276E+23
   1580    5382.000  0.283374E+25  0.135326E+23
   1581    5387.000  0.283182E+25  0.135375E+23
   1582    5392.000  0.282995E+25  0.135425E+23
   1583    5397.000  0.282814E+25  0.135475E+23
   1584    5402.000  0.282637E+25  0.135524E+23
   1585    5407.000  0.282465E+25  0.135574E+23
   1586    5412.000  0.282296E+25  0.135624E+23
   1587    5417.000  0.282129E+25  0.135673E+23
   1588    5422.000  0.281964E+25  0.135723E+23
   1589    5427.000  0.281804E+25  0.135772E+23
   1590    5432.000  0.281650E+25  0.135822E+23
   1591    5437.000  0.281500E+25  0.135871E+23
   1592    5442.000  0.281357E+25  0.135920E+23
   1593    5447.000  0.281219E+25  0.135970E+23
   1594    5452.000  0.281088E+25  0.136019E+23
   1595    5457.000  0.280961E+25  0.136068E+23
   1596    5462.000  0.280841E+25  0.136118E+23
   1597    5467.000  0.280725E+25  0.136167E+23
   1598    5472.000  0.280614E+25  0.136216E+23
   1599    5477.000  0.280508E+25  0.136265E+23
   1600    5482.000  0.280407E+25  0.136315E+23
   1601    5487.000  0.280310E+25  0.136364E+23
   1602    5492.000  0.280217E+25  0.136413E+23
   1603    5497.000  0.280129E+25  0.136462E+23
   1604    5502.000  0.280046E+25  0.136511E+23
   1605    5507.000  0.279967E+25  0.136560E+23
   1606    5512.000  0.279893E+25  0.136610E+23
   1607    5517.000  0.279824E+25  0.136659E+23
   1608    5522.000  0.279760E+25  0.136708E+23
   1609    5527.000  0.279702E+25  0.136757E+23
   1610    5532.000  0.279648E+25  0.136806E+23
   1611    5537.000  0.279600E+25  0.136855E+23
   1612    5542.000  0.279557E+25  0.136904E+23
   1613    5547.000  0.279518E+25  0.136953E+23
   1614    5552.000  0.279485E+25  0.137002E+23
   1615    5557.000  0.279457E+25  0.137051E+23
   1616    5562.000  0.279433E+25  0.137100E+23
   1617    5567.000  0.279414E+25  0.137149E+23
   1618    5572.000  0.279399E+25  0.137198E+23
   1619    5577.000  0.279389E+25  0.137247E+23
   1620    5582.000  0.279384E+25  0.137296E+23
   1621    5587.000  0.279383E+25  0.137345E+23
   1622    5592.000  0.279387E+25  0.137394E+23
   1623    5597.000  0.279395E+25  0.137443E+23
   1624    5602.000  0.279408E+25  0.137492E+23
   1625    5607.000  0.279425E+25  0.137541E+23
   1626    5612.000  0.279446E+25  0.137590E+23
   1627    5617.000  0.279472E+25  0.137639E+23
   1628    5622.000  0.279502E+25  0.137688E+23
   1629    5627.000  0.279536E+25  0.137737E+23
   1630    5632.000  0.279574E+25  0.137786E+23
