       time
total_abl_r
total_abl_n
      1       0.001  0.000000E+00  0.000000E+00
      2       0.002  0.000000E+00  0.000000E+00
      3       0.003  0.000000E+00  0.000000E+00
      4       0.004  0.000000E+00  0.000000E+00
      5       0.005  0.000000E+00  0.000000E+00
      6       0.006  0.000000E+00  0.000000E+00
      7       0.007  0.000000E+00  0.000000E+00
      8       0.008  0.000000E+00  0.000000E+00
      9       0.009  0.000000E+00  0.000000E+00
     10       0.010  0.000000E+00  0.000000E+00
     11       0.011  0.000000E+00  0.000000E+00
     12       0.012  0.000000E+00  0.000000E+00
     13       0.013  0.000000E+00  0.000000E+00
     14       0.014  0.000000E+00  0.000000E+00
     15       0.015  0.000000E+00  0.000000E+00
     16       0.016  0.000000E+00  0.000000E+00
     17       0.017  0.000000E+00  0.000000E+00
     18       0.018  0.000000E+00  0.000000E+00
     19       0.019  0.000000E+00  0.000000E+00
     20       0.020  0.000000E+00  0.000000E+00
     21       0.021  0.000000E+00  0.000000E+00
     22       0.022  0.000000E+00  0.000000E+00
     23       0.023  0.000000E+00  0.000000E+00
     24       0.024  0.000000E+00  0.000000E+00
     25       0.025  0.000000E+00  0.000000E+00
     26       0.026  0.000000E+00  0.000000E+00
     27       0.027  0.000000E+00  0.000000E+00
     28       0.028  0.000000E+00  0.000000E+00
     29       0.029  0.000000E+00  0.000000E+00
     30       0.030  0.000000E+00  0.000000E+00
     31       0.031  0.000000E+00  0.000000E+00
     32       0.032  0.000000E+00  0.000000E+00
     33       0.033  0.000000E+00  0.000000E+00
     34       0.034  0.000000E+00  0.000000E+00
     35       0.035  0.000000E+00  0.000000E+00
     36       0.036  0.000000E+00  0.000000E+00
     37       0.037  0.000000E+00  0.000000E+00
     38       0.038  0.000000E+00  0.000000E+00
     39       0.039  0.000000E+00  0.000000E+00
     40       0.040  0.000000E+00  0.000000E+00
     41       0.041  0.000000E+00  0.000000E+00
     42       0.042  0.000000E+00  0.000000E+00
     43       0.043  0.000000E+00  0.000000E+00
     44       0.044  0.000000E+00  0.000000E+00
     45       0.045  0.000000E+00  0.000000E+00
     46       0.046  0.000000E+00  0.000000E+00
     47       0.047  0.000000E+00  0.000000E+00
     48       0.048  0.000000E+00  0.000000E+00
     49       0.049  0.000000E+00  0.000000E+00
     50       0.050  0.000000E+00  0.000000E+00
     51       0.060  0.000000E+00  0.000000E+00
     52       0.070  0.000000E+00  0.000000E+00
     53       0.080  0.000000E+00  0.000000E+00
     54       0.090  0.000000E+00  0.000000E+00
     55       0.100  0.000000E+00  0.000000E+00
     56       0.110  0.000000E+00  0.000000E+00
     57       0.120  0.000000E+00  0.000000E+00
     58       0.130  0.000000E+00  0.000000E+00
     59       0.140  0.000000E+00  0.000000E+00
     60       0.150  0.000000E+00  0.000000E+00
     61       0.160  0.000000E+00  0.000000E+00
     62       0.170  0.000000E+00  0.000000E+00
     63       0.180  0.000000E+00  0.000000E+00
     64       0.190  0.000000E+00  0.000000E+00
     65       0.200  0.000000E+00  0.000000E+00
     66       0.210  0.000000E+00  0.000000E+00
     67       0.220  0.000000E+00  0.000000E+00
     68       0.230  0.000000E+00  0.000000E+00
     69       0.240  0.000000E+00  0.000000E+00
     70       0.250  0.000000E+00  0.000000E+00
     71       0.260  0.000000E+00  0.000000E+00
     72       0.270  0.000000E+00  0.000000E+00
     73       0.280  0.000000E+00  0.000000E+00
     74       0.290  0.000000E+00  0.000000E+00
     75       0.300  0.000000E+00  0.000000E+00
     76       0.310  0.000000E+00  0.000000E+00
     77       0.320  0.000000E+00  0.000000E+00
     78       0.330  0.000000E+00  0.000000E+00
     79       0.340  0.000000E+00  0.000000E+00
     80       0.350  0.000000E+00  0.000000E+00
     81       0.360  0.000000E+00  0.000000E+00
     82       0.370  0.000000E+00  0.000000E+00
     83       0.380  0.000000E+00  0.000000E+00
     84       0.390  0.000000E+00  0.000000E+00
     85       0.400  0.000000E+00  0.000000E+00
     86       0.410  0.000000E+00  0.000000E+00
     87       0.420  0.000000E+00  0.000000E+00
     88       0.430  0.000000E+00  0.000000E+00
     89       0.440  0.000000E+00  0.000000E+00
     90       0.450  0.000000E+00  0.000000E+00
     91       0.460  0.000000E+00  0.000000E+00
     92       0.470  0.000000E+00  0.000000E+00
     93       0.480  0.000000E+00  0.000000E+00
     94       0.490  0.000000E+00  0.000000E+00
     95       0.500  0.000000E+00  0.000000E+00
     96       0.510  0.000000E+00  0.000000E+00
     97       0.520  0.000000E+00  0.000000E+00
     98       0.530  0.000000E+00  0.000000E+00
     99       0.540  0.000000E+00  0.000000E+00
    100       0.550  0.000000E+00  0.000000E+00
    101       0.650  0.000000E+00  0.000000E+00
    102       0.750  0.000000E+00  0.000000E+00
    103       0.850  0.000000E+00  0.000000E+00
    104       0.950  0.000000E+00  0.000000E+00
    105       1.050  0.000000E+00  0.000000E+00
    106       1.150  0.000000E+00  0.000000E+00
    107       1.250  0.000000E+00  0.000000E+00
    108       1.350  0.000000E+00  0.000000E+00
    109       1.450  0.000000E+00  0.000000E+00
    110       1.550  0.000000E+00  0.000000E+00
    111       1.650  0.000000E+00  0.000000E+00
    112       1.750  0.000000E+00  0.000000E+00
    113       1.850  0.000000E+00  0.000000E+00
    114       1.950  0.000000E+00  0.000000E+00
    115       2.050  0.000000E+00  0.000000E+00
    116       2.150  0.000000E+00  0.000000E+00
    117       2.250  0.000000E+00  0.000000E+00
    118       2.350  0.000000E+00  0.000000E+00
    119       2.450  0.000000E+00  0.000000E+00
    120       2.550  0.000000E+00  0.000000E+00
    121       2.650  0.000000E+00  0.000000E+00
    122       2.750  0.000000E+00  0.000000E+00
    123       2.850  0.000000E+00  0.000000E+00
    124       2.950  0.000000E+00  0.000000E+00
    125       3.050  0.000000E+00  0.000000E+00
    126       3.150  0.000000E+00  0.000000E+00
    127       3.250  0.000000E+00  0.000000E+00
    128       3.350  0.000000E+00  0.000000E+00
    129       3.450  0.000000E+00  0.000000E+00
    130       3.550  0.000000E+00  0.000000E+00
    131       3.650  0.000000E+00  0.000000E+00
    132       3.750  0.000000E+00  0.000000E+00
    133       3.850  0.000000E+00  0.000000E+00
    134       3.950  0.000000E+00  0.000000E+00
    135       4.050  0.000000E+00  0.000000E+00
    136       4.150  0.000000E+00  0.000000E+00
    137       4.250  0.000000E+00  0.000000E+00
    138       4.350  0.000000E+00  0.000000E+00
    139       4.450  0.000000E+00  0.000000E+00
    140       4.550  0.000000E+00  0.000000E+00
    141       4.650  0.000000E+00  0.000000E+00
    142       4.750  0.000000E+00  0.000000E+00
    143       4.850  0.000000E+00  0.000000E+00
    144       4.950  0.000000E+00  0.000000E+00
    145       5.050  0.000000E+00  0.000000E+00
    146       5.150  0.000000E+00  0.000000E+00
    147       5.250  0.000000E+00  0.000000E+00
    148       5.350  0.000000E+00  0.000000E+00
    149       5.450  0.000000E+00  0.000000E+00
    150       5.550  0.000000E+00  0.000000E+00
    151       6.050  0.000000E+00  0.000000E+00
    152       6.550  0.000000E+00  0.000000E+00
    153       7.050  0.000000E+00  0.000000E+00
    154       7.550  0.000000E+00  0.000000E+00
    155       8.050  0.000000E+00  0.000000E+00
    156       8.550  0.000000E+00  0.000000E+00
    157       9.050  0.000000E+00  0.000000E+00
    158       9.550  0.000000E+00  0.000000E+00
    159      10.050  0.000000E+00  0.000000E+00
    160      10.550  0.000000E+00  0.000000E+00
    161      11.050  0.000000E+00  0.000000E+00
    162      11.550  0.000000E+00  0.000000E+00
    163      12.050  0.000000E+00  0.000000E+00
    164      12.550  0.000000E+00  0.000000E+00
    165      13.050  0.000000E+00  0.000000E+00
    166      13.550  0.000000E+00  0.000000E+00
    167      14.050  0.000000E+00  0.000000E+00
    168      14.550  0.000000E+00  0.000000E+00
    169      15.050  0.000000E+00  0.000000E+00
    170      15.550  0.000000E+00  0.000000E+00
    171      16.050  0.000000E+00  0.000000E+00
    172      16.550  0.000000E+00  0.000000E+00
    173      17.050  0.000000E+00  0.000000E+00
    174      17.550  0.000000E+00  0.000000E+00
    175      18.050  0.000000E+00  0.000000E+00
    176      18.550  0.000000E+00  0.000000E+00
    177      19.050  0.000000E+00  0.000000E+00
    178      19.550  0.000000E+00  0.000000E+00
    179      20.050  0.000000E+00  0.000000E+00
    180      20.550  0.000000E+00  0.000000E+00
    181      21.050  0.000000E+00  0.000000E+00
    182      21.550  0.000000E+00  0.000000E+00
    183      22.050  0.000000E+00  0.000000E+00
    184      22.550  0.000000E+00  0.000000E+00
    185      23.050  0.000000E+00  0.000000E+00
    186      23.550  0.000000E+00  0.000000E+00
    187      24.050  0.000000E+00  0.000000E+00
    188      24.550  0.000000E+00  0.000000E+00
    189      25.050  0.000000E+00  0.000000E+00
    190      25.550  0.000000E+00  0.000000E+00
    191      26.050  0.000000E+00  0.000000E+00
    192      26.550  0.000000E+00  0.000000E+00
    193      27.050  0.000000E+00  0.000000E+00
    194      27.550  0.000000E+00  0.000000E+00
    195      28.050  0.000000E+00  0.000000E+00
    196      28.550  0.000000E+00  0.000000E+00
    197      29.050  0.000000E+00  0.000000E+00
    198      29.550  0.000000E+00  0.000000E+00
    199      30.050  0.000000E+00  0.000000E+00
    200      30.550  0.000000E+00  0.000000E+00
    201      31.050  0.000000E+00  0.000000E+00
    202      31.550  0.000000E+00  0.000000E+00
    203      32.050  0.000000E+00  0.000000E+00
    204      32.550  0.000000E+00  0.000000E+00
    205      33.050  0.000000E+00  0.000000E+00
    206      33.550  0.000000E+00  0.000000E+00
    207      34.050  0.000000E+00  0.000000E+00
    208      34.550  0.000000E+00  0.000000E+00
    209      35.050  0.000000E+00  0.000000E+00
    210      35.550  0.000000E+00  0.000000E+00
    211      36.050  0.000000E+00  0.000000E+00
    212      36.550  0.000000E+00  0.000000E+00
    213      37.050  0.000000E+00  0.000000E+00
    214      37.550  0.000000E+00  0.000000E+00
    215      38.050  0.000000E+00  0.000000E+00
    216      38.550  0.000000E+00  0.000000E+00
    217      39.050  0.000000E+00  0.000000E+00
    218      39.550  0.000000E+00  0.000000E+00
    219      40.050  0.000000E+00  0.000000E+00
    220      40.550  0.000000E+00  0.000000E+00
    221      41.050  0.000000E+00  0.000000E+00
    222      41.550  0.000000E+00  0.000000E+00
    223      42.050  0.000000E+00  0.000000E+00
    224      42.550  0.000000E+00  0.000000E+00
    225      43.050  0.000000E+00  0.000000E+00
    226      43.550  0.000000E+00  0.000000E+00
    227      44.050  0.000000E+00  0.000000E+00
    228      44.550  0.000000E+00  0.000000E+00
    229      45.050  0.000000E+00  0.000000E+00
    230      45.550  0.000000E+00  0.000000E+00
    231      46.050  0.000000E+00  0.000000E+00
    232      46.550  0.000000E+00  0.000000E+00
    233      47.050  0.000000E+00  0.000000E+00
    234      47.550  0.000000E+00  0.000000E+00
    235      48.050  0.000000E+00  0.000000E+00
    236      48.550  0.000000E+00  0.000000E+00
    237      49.050  0.000000E+00  0.000000E+00
    238      49.550  0.000000E+00  0.000000E+00
    239      50.050  0.000000E+00  0.000000E+00
    240      50.550  0.000000E+00  0.000000E+00
    241      51.050  0.000000E+00  0.000000E+00
    242      51.550  0.000000E+00  0.000000E+00
    243      52.050  0.000000E+00  0.000000E+00
    244      52.550  0.000000E+00  0.000000E+00
    245      53.050  0.000000E+00  0.000000E+00
    246      53.550  0.000000E+00  0.000000E+00
    247      54.050  0.000000E+00  0.000000E+00
    248      54.550  0.000000E+00  0.000000E+00
    249      55.050  0.000000E+00  0.000000E+00
    250      55.550  0.000000E+00  0.000000E+00
    251      56.550  0.000000E+00  0.000000E+00
    252      57.550  0.000000E+00  0.000000E+00
    253      58.550  0.000000E+00  0.000000E+00
    254      59.550  0.000000E+00  0.000000E+00
    255      60.550  0.000000E+00  0.000000E+00
    256      61.550  0.000000E+00  0.000000E+00
    257      62.550  0.000000E+00  0.000000E+00
    258      63.550  0.000000E+00  0.000000E+00
    259      64.550  0.000000E+00  0.000000E+00
    260      65.550  0.000000E+00  0.000000E+00
    261      66.550  0.000000E+00  0.000000E+00
    262      67.550  0.000000E+00  0.000000E+00
    263      68.550  0.000000E+00  0.000000E+00
    264      69.550  0.000000E+00  0.000000E+00
    265      70.550  0.000000E+00  0.000000E+00
    266      71.550  0.000000E+00  0.000000E+00
    267      72.550  0.000000E+00  0.000000E+00
    268      73.550  0.000000E+00  0.000000E+00
    269      74.550  0.000000E+00  0.000000E+00
    270      75.550  0.000000E+00  0.000000E+00
    271      76.550  0.000000E+00  0.000000E+00
    272      77.550  0.000000E+00  0.000000E+00
    273      78.550  0.000000E+00  0.000000E+00
    274      79.550  0.000000E+00  0.000000E+00
    275      80.550  0.000000E+00  0.000000E+00
    276      81.550  0.000000E+00  0.000000E+00
    277      82.550  0.000000E+00  0.000000E+00
    278      83.550  0.000000E+00  0.000000E+00
    279      84.550  0.000000E+00  0.000000E+00
    280      85.550  0.000000E+00  0.000000E+00
    281      86.550  0.000000E+00  0.000000E+00
    282      87.550  0.000000E+00  0.000000E+00
    283      88.550  0.000000E+00  0.000000E+00
    284      89.550  0.000000E+00  0.000000E+00
    285      90.550  0.000000E+00  0.000000E+00
    286      91.550  0.000000E+00  0.000000E+00
    287      92.550  0.000000E+00  0.000000E+00
    288      93.550  0.000000E+00  0.000000E+00
    289      94.550  0.000000E+00  0.000000E+00
    290      95.550  0.000000E+00  0.000000E+00
    291      96.550  0.000000E+00  0.000000E+00
    292      97.550  0.000000E+00  0.000000E+00
    293      98.550  0.000000E+00  0.000000E+00
    294      99.550  0.000000E+00  0.000000E+00
    295     100.550  0.000000E+00  0.000000E+00
    296     101.550  0.000000E+00  0.000000E+00
    297     102.550  0.000000E+00  0.000000E+00
    298     103.550  0.000000E+00  0.000000E+00
    299     104.550  0.000000E+00  0.000000E+00
    300     105.550  0.000000E+00  0.000000E+00
    301     105.551  0.136252E+23  0.000000E+00
    302     105.552  0.136295E+23  0.478079E+13
    303     105.553  0.136310E+23  0.956309E+13
    304     105.554  0.136316E+23  0.143459E+14
    305     105.555  0.136318E+23  0.191289E+14
    306     105.556  0.136320E+23  0.239121E+14
    307     105.557  0.136321E+23  0.286952E+14
    308     105.558  0.136322E+23  0.334784E+14
    309     105.559  0.136323E+23  0.382617E+14
    310     105.560  0.136324E+23  0.430449E+14
    311     105.561  0.136324E+23  0.478282E+14
    312     105.562  0.136325E+23  0.526115E+14
    313     105.563  0.136326E+23  0.573949E+14
    314     105.564  0.136327E+23  0.621783E+14
    315     105.565  0.136328E+23  0.669617E+14
    316     105.566  0.136329E+23  0.717452E+14
    317     105.567  0.136330E+23  0.765286E+14
    318     105.568  0.136331E+23  0.813122E+14
    319     105.569  0.136332E+23  0.860957E+14
    320     105.570  0.136332E+23  0.908793E+14
    321     105.571  0.136333E+23  0.956629E+14
    322     105.572  0.136334E+23  0.100447E+15
    323     105.573  0.136335E+23  0.105230E+15
    324     105.574  0.136336E+23  0.110014E+15
    325     105.575  0.136337E+23  0.114798E+15
    326     105.576  0.136338E+23  0.119581E+15
    327     105.577  0.136339E+23  0.124365E+15
    328     105.578  0.136340E+23  0.129149E+15
    329     105.579  0.136340E+23  0.133933E+15
    330     105.580  0.136341E+23  0.138717E+15
    331     105.581  0.136342E+23  0.143501E+15
    332     105.582  0.136343E+23  0.148285E+15
    333     105.583  0.136344E+23  0.153069E+15
    334     105.584  0.136345E+23  0.157853E+15
    335     105.585  0.136346E+23  0.162637E+15
    336     105.586  0.136347E+23  0.167421E+15
    337     105.587  0.136347E+23  0.172205E+15
    338     105.588  0.136348E+23  0.176989E+15
    339     105.589  0.136349E+23  0.181773E+15
    340     105.590  0.136350E+23  0.186557E+15
    341     105.591  0.136351E+23  0.191342E+15
    342     105.592  0.136352E+23  0.196126E+15
    343     105.593  0.136353E+23  0.200910E+15
    344     105.594  0.136354E+23  0.205694E+15
    345     105.595  0.136354E+23  0.210479E+15
    346     105.596  0.136355E+23  0.215263E+15
    347     105.597  0.136356E+23  0.220048E+15
    348     105.598  0.136357E+23  0.224832E+15
    349     105.599  0.136358E+23  0.229616E+15
    350     105.600  0.136359E+23  0.234401E+15
    351     105.610  0.136365E+23  0.282246E+15
    352     105.620  0.136373E+23  0.330094E+15
    353     105.630  0.136381E+23  0.377944E+15
    354     105.640  0.136390E+23  0.425797E+15
    355     105.650  0.136399E+23  0.473653E+15
    356     105.660  0.136408E+23  0.521513E+15
    357     105.670  0.136416E+23  0.569375E+15
    358     105.680  0.136425E+23  0.617241E+15
    359     105.690  0.136434E+23  0.665109E+15
    360     105.700  0.136443E+23  0.712981E+15
    361     105.710  0.136451E+23  0.760856E+15
    362     105.720  0.136460E+23  0.808733E+15
    363     105.730  0.136469E+23  0.856614E+15
    364     105.740  0.136478E+23  0.904498E+15
    365     105.750  0.136486E+23  0.952385E+15
    366     105.760  0.136495E+23  0.100028E+16
    367     105.770  0.136504E+23  0.104817E+16
    368     105.780  0.136512E+23  0.109606E+16
    369     105.790  0.136521E+23  0.114396E+16
    370     105.800  0.136530E+23  0.119187E+16
    371     105.810  0.136539E+23  0.123977E+16
    372     105.820  0.136547E+23  0.128768E+16
    373     105.830  0.136556E+23  0.133559E+16
    374     105.840  0.136565E+23  0.138351E+16
    375     105.850  0.136573E+23  0.143142E+16
    376     105.860  0.136582E+23  0.147934E+16
    377     105.870  0.136591E+23  0.152727E+16
    378     105.880  0.136599E+23  0.157519E+16
    379     105.890  0.136608E+23  0.162312E+16
    380     105.900  0.136616E+23  0.167106E+16
    381     105.910  0.136625E+23  0.171899E+16
    382     105.920  0.136634E+23  0.176693E+16
    383     105.930  0.136642E+23  0.181487E+16
    384     105.940  0.136651E+23  0.186282E+16
    385     105.950  0.136660E+23  0.191077E+16
    386     105.960  0.136668E+23  0.195872E+16
    387     105.970  0.136677E+23  0.200667E+16
    388     105.980  0.136685E+23  0.205463E+16
    389     105.990  0.136694E+23  0.210259E+16
    390     106.000  0.136703E+23  0.215055E+16
    391     106.100  0.136763E+23  0.263021E+16
    392     106.200  0.136841E+23  0.311008E+16
    393     106.300  0.136923E+23  0.359022E+16
    394     106.400  0.137007E+23  0.407066E+16
    395     106.500  0.137092E+23  0.455139E+16
    396     106.600  0.137176E+23  0.503241E+16
    397     106.700  0.137259E+23  0.551373E+16
    398     106.800  0.137343E+23  0.599535E+16
    399     106.900  0.137425E+23  0.647725E+16
    400     107.000  0.137508E+23  0.695945E+16
    401     107.100  0.137591E+23  0.744193E+16
    402     107.200  0.137673E+23  0.792471E+16
    403     107.300  0.137755E+23  0.840777E+16
    404     107.400  0.137837E+23  0.889112E+16
    405     107.500  0.137919E+23  0.937476E+16
    406     107.600  0.138000E+23  0.985869E+16
    407     107.700  0.138082E+23  0.103429E+17
    408     107.800  0.138164E+23  0.108274E+17
    409     107.900  0.138246E+23  0.113122E+17
    410     108.000  0.138328E+23  0.117973E+17
    411     108.100  0.138409E+23  0.122826E+17
    412     108.200  0.138491E+23  0.127683E+17
    413     108.300  0.138573E+23  0.132542E+17
    414     108.400  0.138655E+23  0.137404E+17
    415     108.500  0.138737E+23  0.142269E+17
    416     108.600  0.138819E+23  0.147137E+17
    417     108.700  0.138902E+23  0.152008E+17
    418     108.800  0.138984E+23  0.156882E+17
    419     108.900  0.139067E+23  0.161759E+17
    420     109.000  0.139149E+23  0.166638E+17
    421     109.100  0.139232E+23  0.171521E+17
    422     109.200  0.139315E+23  0.176406E+17
    423     109.300  0.139398E+23  0.181294E+17
    424     109.400  0.139481E+23  0.186185E+17
    425     109.500  0.139564E+23  0.191079E+17
    426     109.600  0.139647E+23  0.195976E+17
    427     109.700  0.139730E+23  0.200876E+17
    428     109.800  0.139814E+23  0.205779E+17
    429     109.900  0.139897E+23  0.210685E+17
    430     110.000  0.139981E+23  0.215594E+17
    431     111.000  0.140607E+23  0.264710E+17
    432     112.000  0.141397E+23  0.314046E+17
    433     113.000  0.142244E+23  0.363659E+17
    434     114.000  0.143109E+23  0.413569E+17
    435     115.000  0.143983E+23  0.463783E+17
    436     116.000  0.144864E+23  0.514303E+17
    437     117.000  0.145752E+23  0.565133E+17
    438     118.000  0.146647E+23  0.616274E+17
    439     119.000  0.147550E+23  0.667729E+17
    440     120.000  0.148461E+23  0.719502E+17
    441     121.000  0.149380E+23  0.771593E+17
    442     122.000  0.150307E+23  0.824007E+17
    443     123.000  0.151243E+23  0.876747E+17
    444     124.000  0.152187E+23  0.929815E+17
    445     125.000  0.153141E+23  0.983214E+17
    446     126.000  0.154103E+23  0.103695E+18
    447     127.000  0.155075E+23  0.109102E+18
    448     128.000  0.156055E+23  0.114543E+18
    449     129.000  0.157045E+23  0.120019E+18
    450     130.000  0.158043E+23  0.125529E+18
    451     133.500  0.160911E+23  0.144938E+18
    452     137.000  0.164412E+23  0.164699E+18
    453     140.500  0.168173E+23  0.184890E+18
    454     144.000  0.172081E+23  0.205543E+18
    455     147.500  0.176117E+23  0.226676E+18
    456     151.000  0.180286E+23  0.248304E+18
    457     154.500  0.184599E+23  0.270445E+18
    458     158.000  0.189062E+23  0.293115E+18
    459     161.500  0.193682E+23  0.316333E+18
    460     165.000  0.198901E+23  0.340118E+18
    461     168.500  0.203861E+23  0.364545E+18
    462     172.000  0.208997E+23  0.389581E+18
    463     175.500  0.214317E+23  0.415247E+18
    464     179.000  0.219829E+23  0.441567E+18
    465     182.500  0.225539E+23  0.468563E+18
    466     186.000  0.232379E+23  0.496261E+18
    467     189.500  0.238523E+23  0.524799E+18
    468     193.000  0.244887E+23  0.554091E+18
    469     196.500  0.251480E+23  0.584165E+18
    470     200.000  0.258308E+23  0.615049E+18
    471     205.000  0.267827E+23  0.660366E+18
    472     210.000  0.278273E+23  0.707354E+18
    473     215.000  0.289391E+23  0.756174E+18
    474     220.000  0.301111E+23  0.806944E+18
    475     225.000  0.313425E+23  0.859771E+18
    476     230.000  0.326569E+23  0.914758E+18
    477     235.000  0.340116E+23  0.972051E+18
    478     240.000  0.354471E+23  0.103172E+19
    479     245.000  0.369341E+23  0.109391E+19
    480     250.000  0.384905E+23  0.115871E+19
    481     255.000  0.401175E+23  0.122623E+19
    482     260.000  0.418168E+23  0.129661E+19
    483     265.000  0.435904E+23  0.136998E+19
    484     270.000  0.454402E+23  0.144645E+19
    485     275.000  0.473681E+23  0.152617E+19
    486     280.000  0.493765E+23  0.160927E+19
    487     285.000  0.514677E+23  0.169590E+19
    488     290.000  0.536438E+23  0.178619E+19
    489     295.000  0.559069E+23  0.188031E+19
    490     300.000  0.582586E+23  0.197839E+19
    491     305.000  0.608085E+23  0.208060E+19
    492     310.000  0.633440E+23  0.218728E+19
    493     315.000  0.659868E+23  0.229841E+19
    494     320.000  0.687082E+23  0.241418E+19
    495     325.000  0.715250E+23  0.253472E+19
    496     330.000  0.746052E+23  0.266020E+19
    497     335.000  0.776222E+23  0.279109E+19
    498     340.000  0.807400E+23  0.292727E+19
    499     345.000  0.839602E+23  0.306891E+19
    500     350.000  0.872843E+23  0.321621E+19
    501     355.000  0.907139E+23  0.336934E+19
    502     360.000  0.942821E+23  0.352849E+19
    503     365.000  0.979303E+23  0.369390E+19
    504     370.000  0.101724E+24  0.386571E+19
    505     375.000  0.105616E+24  0.404417E+19
    506     380.000  0.109610E+24  0.422946E+19
    507     385.000  0.113724E+24  0.442176E+19
    508     390.000  0.117959E+24  0.462128E+19
    509     395.000  0.122319E+24  0.482822E+19
    510     400.000  0.126806E+24  0.504282E+19
    511     405.000  0.131422E+24  0.526529E+19
    512     410.000  0.136171E+24  0.549585E+19
    513     415.000  0.141137E+24  0.573475E+19
    514     420.000  0.146255E+24  0.598236E+19
    515     425.000  0.151421E+24  0.623895E+19
    516     430.000  0.156743E+24  0.650460E+19
    517     435.000  0.162272E+24  0.677959E+19
    518     440.000  0.167872E+24  0.706428E+19
    519     445.000  0.173700E+24  0.735879E+19
    520     450.000  0.179600E+24  0.766353E+19
    521     455.000  0.185651E+24  0.797862E+19
    522     460.000  0.191856E+24  0.830432E+19
    523     465.000  0.198217E+24  0.864091E+19
    524     470.000  0.204735E+24  0.898866E+19
    525     475.000  0.211414E+24  0.934785E+19
    526     480.000  0.218253E+24  0.971875E+19
    527     485.000  0.225254E+24  0.101016E+20
    528     490.000  0.232418E+24  0.104968E+20
    529     495.000  0.239746E+24  0.109046E+20
    530     500.000  0.247238E+24  0.113252E+20
    531     505.000  0.254996E+24  0.117589E+20
    532     510.000  0.262815E+24  0.122063E+20
    533     515.000  0.270829E+24  0.126674E+20
    534     520.000  0.279021E+24  0.131425E+20
    535     525.000  0.287354E+24  0.136320E+20
    536     530.000  0.295789E+24  0.141362E+20
    537     535.000  0.304367E+24  0.146551E+20
    538     540.000  0.313070E+24  0.151891E+20
    539     545.000  0.321822E+24  0.157383E+20
    540     550.000  0.330490E+24  0.163029E+20
    541     555.000  0.339246E+24  0.168827E+20
    542     560.000  0.347941E+24  0.174779E+20
    543     565.000  0.356759E+24  0.180883E+20
    544     570.000  0.365512E+24  0.187142E+20
    545     575.000  0.374316E+24  0.193555E+20
    546     580.000  0.383139E+24  0.200122E+20
    547     585.000  0.391856E+24  0.206843E+20
    548     590.000  0.400478E+24  0.213718E+20
    549     595.000  0.408991E+24  0.220744E+20
    550     600.000  0.417360E+24  0.227919E+20
    551     620.000  0.454776E+24  0.257208E+20
    552     640.000  0.487421E+24  0.289122E+20
    553     660.000  0.515417E+24  0.323327E+20
    554     680.000  0.537226E+24  0.359497E+20
    555     700.000  0.551313E+24  0.397197E+20
    556     720.000  0.558831E+24  0.435886E+20
    557     740.000  0.562003E+24  0.475102E+20
    558     760.000  0.564053E+24  0.514541E+20
    559     780.000  0.569597E+24  0.554124E+20
    560     800.000  0.580483E+24  0.594096E+20
    561     820.000  0.596474E+24  0.634831E+20
    562     840.000  0.616218E+24  0.676689E+20
    563     860.000  0.637722E+24  0.719933E+20
    564     880.000  0.658351E+24  0.764685E+20
    565     900.000  0.676772E+24  0.810886E+20
    566     920.000  0.691827E+24  0.858378E+20
    567     940.000  0.703564E+24  0.906928E+20
    568     960.000  0.713125E+24  0.956301E+20
    569     980.000  0.722304E+24  0.100634E+21
    570    1000.000  0.732486E+24  0.105703E+21
    571    1020.000  0.744988E+24  0.110844E+21
    572    1040.000  0.759796E+24  0.116072E+21
    573    1060.000  0.776121E+24  0.121403E+21
    574    1080.000  0.792721E+24  0.126850E+21
    575    1100.000  0.808386E+24  0.132413E+21
    576    1120.000  0.822116E+24  0.138086E+21
    577    1140.000  0.833868E+24  0.143855E+21
    578    1160.000  0.843947E+24  0.149707E+21
    579    1180.000  0.853303E+24  0.155629E+21
    580    1200.000  0.862432E+24  0.161617E+21
    581    1220.000  0.871963E+24  0.167670E+21
    582    1240.000  0.882413E+24  0.173789E+21
    583    1260.000  0.893773E+24  0.179981E+21
    584    1280.000  0.905525E+24  0.186253E+21
    585    1300.000  0.917177E+24  0.192608E+21
    586    1320.000  0.928397E+24  0.199044E+21
    587    1340.000  0.938942E+24  0.205559E+21
    588    1360.000  0.948905E+24  0.212148E+21
    589    1380.000  0.958784E+24  0.218807E+21
    590    1400.000  0.969133E+24  0.225535E+21
    591    1420.000  0.980158E+24  0.232336E+21
    592    1440.000  0.991862E+24  0.239215E+21
    593    1460.000  0.100419E+25  0.246175E+21
    594    1480.000  0.101700E+25  0.253222E+21
    595    1500.000  0.103000E+25  0.260359E+21
    596    1520.000  0.104335E+25  0.267587E+21
    597    1540.000  0.105668E+25  0.274909E+21
    598    1560.000  0.106975E+25  0.282324E+21
    599    1580.000  0.108250E+25  0.289831E+21
    600    1600.000  0.109492E+25  0.297428E+21
    601    1620.000  0.110686E+25  0.305111E+21
    602    1640.000  0.111819E+25  0.312879E+21
    603    1660.000  0.112894E+25  0.320726E+21
    604    1680.000  0.113922E+25  0.328648E+21
    605    1700.000  0.114917E+25  0.336643E+21
    606    1720.000  0.115873E+25  0.344707E+21
    607    1740.000  0.116808E+25  0.352839E+21
    608    1760.000  0.117719E+25  0.361036E+21
    609    1780.000  0.118600E+25  0.369297E+21
    610    1800.000  0.119412E+25  0.377619E+21
    611    1820.000  0.120188E+25  0.385999E+21
    612    1840.000  0.120934E+25  0.394434E+21
    613    1860.000  0.121662E+25  0.402920E+21
    614    1880.000  0.122377E+25  0.411458E+21
    615    1900.000  0.123072E+25  0.420046E+21
    616    1920.000  0.123764E+25  0.428682E+21
    617    1940.000  0.124454E+25  0.437368E+21
    618    1960.000  0.125115E+25  0.446101E+21
    619    1980.000  0.125703E+25  0.454881E+21
    620    2000.000  0.126180E+25  0.463703E+21
    621    2020.000  0.126545E+25  0.472557E+21
    622    2040.000  0.126782E+25  0.481438E+21
    623    2060.000  0.126865E+25  0.490335E+21
    624    2080.000  0.126830E+25  0.499238E+21
    625    2100.000  0.126731E+25  0.508138E+21
    626    2120.000  0.126616E+25  0.517031E+21
    627    2140.000  0.126521E+25  0.525917E+21
    628    2160.000  0.126474E+25  0.534795E+21
    629    2180.000  0.126511E+25  0.543671E+21
    630    2200.000  0.126669E+25  0.552549E+21
    631    2220.000  0.126997E+25  0.561438E+21
    632    2240.000  0.127504E+25  0.570350E+21
    633    2260.000  0.128237E+25  0.579298E+21
    634    2280.000  0.129124E+25  0.588297E+21
    635    2300.000  0.130146E+25  0.597358E+21
    636    2320.000  0.131245E+25  0.606491E+21
    637    2340.000  0.132352E+25  0.615701E+21
    638    2360.000  0.133352E+25  0.624989E+21
    639    2380.000  0.134239E+25  0.634347E+21
    640    2400.000  0.135001E+25  0.643768E+21
    641    2420.000  0.135619E+25  0.653241E+21
    642    2440.000  0.136091E+25  0.662759E+21
    643    2460.000  0.136506E+25  0.672309E+21
    644    2480.000  0.136968E+25  0.681888E+21
    645    2500.000  0.137572E+25  0.691500E+21
    646    2520.000  0.138476E+25  0.701154E+21
    647    2540.000  0.139720E+25  0.710872E+21
    648    2560.000  0.141450E+25  0.720677E+21
    649    2580.000  0.143651E+25  0.730603E+21
    650    2600.000  0.146181E+25  0.740684E+21
    651    2620.000  0.148812E+25  0.750942E+21
    652    2640.000  0.151447E+25  0.761385E+21
    653    2660.000  0.154013E+25  0.772013E+21
    654    2680.000  0.156403E+25  0.782821E+21
    655    2700.000  0.158618E+25  0.793797E+21
    656    2720.000  0.160743E+25  0.804928E+21
    657    2740.000  0.162883E+25  0.816208E+21
    658    2760.000  0.165110E+25  0.827639E+21
    659    2780.000  0.167329E+25  0.839225E+21
    660    2800.000  0.169440E+25  0.850968E+21
    661    2820.000  0.171451E+25  0.862858E+21
    662    2840.000  0.173376E+25  0.874890E+21
    663    2860.000  0.175060E+25  0.887057E+21
    664    2880.000  0.176485E+25  0.899342E+21
    665    2900.000  0.177687E+25  0.911727E+21
    666    2920.000  0.178712E+25  0.924196E+21
    667    2940.000  0.179645E+25  0.936737E+21
    668    2960.000  0.180527E+25  0.949344E+21
    669    2980.000  0.181423E+25  0.962013E+21
    670    3000.000  0.182330E+25  0.974744E+21
    671    3020.000  0.183203E+25  0.987539E+21
    672    3040.000  0.183946E+25  0.100040E+22
    673    3060.000  0.184522E+25  0.101330E+22
    674    3080.000  0.185012E+25  0.102625E+22
    675    3100.000  0.185585E+25  0.103924E+22
    676    3120.000  0.186476E+25  0.105226E+22
    677    3140.000  0.187826E+25  0.106535E+22
    678    3160.000  0.189623E+25  0.107853E+22
    679    3180.000  0.191700E+25  0.109183E+22
    680    3200.000  0.193761E+25  0.110529E+22
    681    3220.000  0.195542E+25  0.111888E+22
    682    3240.000  0.196754E+25  0.113261E+22
    683    3260.000  0.197211E+25  0.114641E+22
    684    3280.000  0.196923E+25  0.116025E+22
    685    3300.000  0.196109E+25  0.117407E+22
    686    3320.000  0.195169E+25  0.118783E+22
    687    3340.000  0.194615E+25  0.120153E+22
    688    3360.000  0.194771E+25  0.121519E+22
    689    3380.000  0.195766E+25  0.122886E+22
    690    3400.000  0.197548E+25  0.124259E+22
    691    3420.000  0.199857E+25  0.125646E+22
    692    3440.000  0.202338E+25  0.127048E+22
    693    3460.000  0.204664E+25  0.128468E+22
    694    3480.000  0.206696E+25  0.129904E+22
    695    3500.000  0.208497E+25  0.131355E+22
    696    3520.000  0.210191E+25  0.132818E+22
    697    3540.000  0.211913E+25  0.134293E+22
    698    3560.000  0.213734E+25  0.135780E+22
    699    3580.000  0.215715E+25  0.137280E+22
    700    3600.000  0.217893E+25  0.138794E+22
    701    3620.000  0.220296E+25  0.140323E+22
    702    3640.000  0.223000E+25  0.141869E+22
    703    3660.000  0.226087E+25  0.143434E+22
    704    3680.000  0.229605E+25  0.145020E+22
    705    3700.000  0.233512E+25  0.146632E+22
    706    3720.000  0.237663E+25  0.148270E+22
    707    3740.000  0.241831E+25  0.149938E+22
    708    3760.000  0.245692E+25  0.151635E+22
    709    3780.000  0.248823E+25  0.153359E+22
    710    3800.000  0.250837E+25  0.155105E+22
    711    3820.000  0.251563E+25  0.156866E+22
    712    3840.000  0.251000E+25  0.158631E+22
    713    3860.000  0.249314E+25  0.160392E+22
    714    3880.000  0.246774E+25  0.162142E+22
    715    3900.000  0.243840E+25  0.163874E+22
    716    3920.000  0.241031E+25  0.165585E+22
    717    3940.000  0.238778E+25  0.167276E+22
    718    3960.000  0.237187E+25  0.168952E+22
    719    3980.000  0.236234E+25  0.170616E+22
    720    4000.000  0.235725E+25  0.172274E+22
    721    4020.000  0.235300E+25  0.173928E+22
    722    4040.000  0.234698E+25  0.175580E+22
    723    4060.000  0.233852E+25  0.177227E+22
    724    4080.000  0.232883E+25  0.178868E+22
    725    4100.000  0.231980E+25  0.180502E+22
    726    4120.000  0.231231E+25  0.182130E+22
    727    4140.000  0.230735E+25  0.183753E+22
    728    4160.000  0.230576E+25  0.185372E+22
    729    4180.000  0.230767E+25  0.186990E+22
    730    4200.000  0.231329E+25  0.188609E+22
    731    4220.000  0.232262E+25  0.190233E+22
    732    4240.000  0.233580E+25  0.191863E+22
    733    4260.000  0.235296E+25  0.193502E+22
    734    4280.000  0.237328E+25  0.195153E+22
    735    4300.000  0.239612E+25  0.196818E+22
    736    4320.000  0.242083E+25  0.198500E+22
    737    4340.000  0.244653E+25  0.200199E+22
    738    4360.000  0.247235E+25  0.201916E+22
    739    4380.000  0.249731E+25  0.203651E+22
    740    4400.000  0.252111E+25  0.205403E+22
    741    4420.000  0.254369E+25  0.207172E+22
    742    4440.000  0.256463E+25  0.208957E+22
    743    4460.000  0.258363E+25  0.210757E+22
    744    4480.000  0.260077E+25  0.212570E+22
    745    4500.000  0.261586E+25  0.214395E+22
    746    4520.000  0.262844E+25  0.216231E+22
    747    4540.000  0.263830E+25  0.218076E+22
    748    4560.000  0.264545E+25  0.219927E+22
    749    4580.000  0.265036E+25  0.221783E+22
    750    4600.000  0.265379E+25  0.223643E+22
    751    4620.000  0.265677E+25  0.225506E+22
    752    4640.000  0.266151E+25  0.227370E+22
    753    4660.000  0.266992E+25  0.229238E+22
    754    4680.000  0.268303E+25  0.231111E+22
    755    4700.000  0.270073E+25  0.232994E+22
    756    4720.000  0.272230E+25  0.234890E+22
    757    4740.000  0.274574E+25  0.236800E+22
    758    4760.000  0.276893E+25  0.238727E+22
    759    4780.000  0.278918E+25  0.240670E+22
    760    4800.000  0.280530E+25  0.242627E+22
    761    4820.000  0.281753E+25  0.244596E+22
    762    4840.000  0.282656E+25  0.246573E+22
    763    4860.000  0.283427E+25  0.248557E+22
    764    4880.000  0.284201E+25  0.250546E+22
    765    4900.000  0.285225E+25  0.252540E+22
    766    4920.000  0.286704E+25  0.254542E+22
    767    4940.000  0.288620E+25  0.256554E+22
    768    4960.000  0.291029E+25  0.258579E+22
    769    4980.000  0.293911E+25  0.260621E+22
    770    5000.000  0.297391E+25  0.262684E+22
    771    5020.000  0.301694E+25  0.264771E+22
    772    5040.000  0.306791E+25  0.266888E+22
    773    5060.000  0.312609E+25  0.269041E+22
    774    5080.000  0.319077E+25  0.271235E+22
    775    5100.000  0.326024E+25  0.273474E+22
    776    5120.000  0.333213E+25  0.275762E+22
    777    5140.000  0.340281E+25  0.278100E+22
    778    5160.000  0.347176E+25  0.280488E+22
    779    5180.000  0.353943E+25  0.282924E+22
    780    5200.000  0.360414E+25  0.285408E+22
    781    5220.000  0.366114E+25  0.287937E+22
    782    5240.000  0.370615E+25  0.290507E+22
    783    5260.000  0.373550E+25  0.293107E+22
    784    5280.000  0.374201E+25  0.295729E+22
    785    5300.000  0.372130E+25  0.298355E+22
    786    5320.000  0.368286E+25  0.300966E+22
    787    5340.000  0.364445E+25  0.303551E+22
    788    5360.000  0.362098E+25  0.306108E+22
    789    5380.000  0.362470E+25  0.308649E+22
    790    5400.000  0.366240E+25  0.311193E+22
    791    5420.000  0.372916E+25  0.313763E+22
    792    5440.000  0.380689E+25  0.316380E+22
    793    5460.000  0.387879E+25  0.319051E+22
    794    5480.000  0.393156E+25  0.321773E+22
    795    5500.000  0.395569E+25  0.324532E+22
    796    5520.000  0.394709E+25  0.327308E+22
    797    5540.000  0.390728E+25  0.330078E+22
    798    5560.000  0.384711E+25  0.332820E+22
    799    5580.000  0.377124E+25  0.335520E+22
    800    5600.000  0.368894E+25  0.338166E+22
    801    5620.000  0.360965E+25  0.340755E+22
    802    5640.000  0.354190E+25  0.343288E+22
    803    5660.000  0.349045E+25  0.345774E+22
    804    5680.000  0.345676E+25  0.348223E+22
    805    5700.000  0.343941E+25  0.350649E+22
    806    5720.000  0.343564E+25  0.353063E+22
    807    5740.000  0.344189E+25  0.355474E+22
    808    5760.000  0.345627E+25  0.357889E+22
    809    5780.000  0.347768E+25  0.360314E+22
    810    5800.000  0.350666E+25  0.362755E+22
    811    5820.000  0.354510E+25  0.365216E+22
    812    5840.000  0.359536E+25  0.367704E+22
    813    5860.000  0.365884E+25  0.370227E+22
    814    5880.000  0.373591E+25  0.372794E+22
    815    5900.000  0.382466E+25  0.375416E+22
    816    5920.000  0.392083E+25  0.378100E+22
    817    5940.000  0.401668E+25  0.380851E+22
    818    5960.000  0.410112E+25  0.383670E+22
    819    5980.000  0.416149E+25  0.386548E+22
    820    6000.000  0.418685E+25  0.389468E+22
    821    6020.000  0.417072E+25  0.392407E+22
    822    6040.000  0.411135E+25  0.395333E+22
    823    6060.000  0.401342E+25  0.398219E+22
    824    6080.000  0.388636E+25  0.401035E+22
    825    6100.000  0.374234E+25  0.403762E+22
    826    6120.000  0.359430E+25  0.406389E+22
    827    6140.000  0.345416E+25  0.408911E+22
    828    6160.000  0.333216E+25  0.411335E+22
    829    6180.000  0.323333E+25  0.413673E+22
    830    6200.000  0.315825E+25  0.415942E+22
    831    6220.000  0.310404E+25  0.418159E+22
    832    6240.000  0.306585E+25  0.420337E+22
    833    6260.000  0.303789E+25  0.422488E+22
    834    6280.000  0.301551E+25  0.424620E+22
    835    6300.000  0.299614E+25  0.426736E+22
    836    6320.000  0.297976E+25  0.428839E+22
    837    6340.000  0.296817E+25  0.430930E+22
    838    6360.000  0.296448E+25  0.433013E+22
    839    6380.000  0.297183E+25  0.435093E+22
    840    6400.000  0.299247E+25  0.437179E+22
    841    6420.000  0.302722E+25  0.439279E+22
    842    6440.000  0.307490E+25  0.441403E+22
    843    6460.000  0.313294E+25  0.443561E+22
    844    6480.000  0.319748E+25  0.445759E+22
    845    6500.000  0.326464E+25  0.448003E+22
    846    6520.000  0.333129E+25  0.450294E+22
    847    6540.000  0.339565E+25  0.452632E+22
    848    6560.000  0.345725E+25  0.455015E+22
    849    6580.000  0.351662E+25  0.457441E+22
    850    6600.000  0.357477E+25  0.459909E+22
    851    6620.000  0.363226E+25  0.462418E+22
    852    6640.000  0.368856E+25  0.464966E+22
    853    6660.000  0.374192E+25  0.467555E+22
    854    6680.000  0.379023E+25  0.470181E+22
    855    6700.000  0.383204E+25  0.472841E+22
    856    6720.000  0.386767E+25  0.475530E+22
    857    6740.000  0.389986E+25  0.478244E+22
    858    6760.000  0.393311E+25  0.480981E+22
    859    6780.000  0.397261E+25  0.483741E+22
    860    6800.000  0.402254E+25  0.486529E+22
    861    6820.000  0.408455E+25  0.489351E+22
    862    6840.000  0.415649E+25  0.492218E+22
    863    6860.000  0.423277E+25  0.495135E+22
    864    6880.000  0.430460E+25  0.498105E+22
    865    6900.000  0.436104E+25  0.501126E+22
    866    6920.000  0.439027E+25  0.504186E+22
    867    6940.000  0.438168E+25  0.507267E+22
    868    6960.000  0.433101E+25  0.510342E+22
    869    6980.000  0.424366E+25  0.513381E+22
    870    7000.000  0.413518E+25  0.516359E+22
    871    7020.000  0.402670E+25  0.519261E+22
    872    7040.000  0.393861E+25  0.522087E+22
    873    7060.000  0.388523E+25  0.524851E+22
    874    7080.000  0.387133E+25  0.527577E+22
    875    7100.000  0.389335E+25  0.530294E+22
    876    7120.000  0.394245E+25  0.533026E+22
    877    7140.000  0.400693E+25  0.535793E+22
    878    7160.000  0.407507E+25  0.538605E+22
    879    7180.000  0.413806E+25  0.541465E+22
    880    7200.000  0.419068E+25  0.544368E+22
    881    7220.000  0.423014E+25  0.547309E+22
    882    7240.000  0.425377E+25  0.550278E+22
    883    7260.000  0.425913E+25  0.553263E+22
    884    7280.000  0.424553E+25  0.556252E+22
    885    7300.000  0.421519E+25  0.559231E+22
    886    7320.000  0.417447E+25  0.562189E+22
    887    7340.000  0.413122E+25  0.565119E+22
    888    7360.000  0.409318E+25  0.568018E+22
    889    7380.000  0.406650E+25  0.570890E+22
    890    7400.000  0.405585E+25  0.573744E+22
    891    7420.000  0.406354E+25  0.576590E+22
    892    7440.000  0.409034E+25  0.579442E+22
    893    7460.000  0.413491E+25  0.582312E+22
    894    7480.000  0.419176E+25  0.585214E+22
    895    7500.000  0.424833E+25  0.588155E+22
    896    7520.000  0.428338E+25  0.591137E+22
    897    7540.000  0.427136E+25  0.594143E+22
    898    7560.000  0.419268E+25  0.597140E+22
    899    7580.000  0.404608E+25  0.600082E+22
    900    7600.000  0.385275E+25  0.602922E+22
    901    7620.000  0.364951E+25  0.605625E+22
    902    7640.000  0.347340E+25  0.608186E+22
    903    7660.000  0.334851E+25  0.610624E+22
    904    7680.000  0.328126E+25  0.612974E+22
    905    7700.000  0.326333E+25  0.615276E+22
    906    7720.000  0.327847E+25  0.617566E+22
    907    7740.000  0.331030E+25  0.619867E+22
    908    7760.000  0.334613E+25  0.622190E+22
    909    7780.000  0.337823E+25  0.624538E+22
    910    7800.000  0.340513E+25  0.626909E+22
    911    7820.000  0.343107E+25  0.629299E+22
    912    7840.000  0.346421E+25  0.631706E+22
    913    7860.000  0.351320E+25  0.634137E+22
    914    7880.000  0.358054E+25  0.636603E+22
    915    7900.000  0.366098E+25  0.639115E+22
    916    7920.000  0.374417E+25  0.641685E+22
    917    7940.000  0.381965E+25  0.644312E+22
    918    7960.000  0.388119E+25  0.646993E+22
    919    7980.000  0.392781E+25  0.649716E+22
    920    8000.000  0.396183E+25  0.652473E+22
    921    8020.000  0.398651E+25  0.655253E+22
    922    8040.000  0.400386E+25  0.658050E+22
    923    8060.000  0.401525E+25  0.660860E+22
    924    8080.000  0.402335E+25  0.663678E+22
    925    8100.000  0.403165E+25  0.666501E+22
    926    8120.000  0.404332E+25  0.669330E+22
    927    8140.000  0.405991E+25  0.672168E+22
    928    8160.000  0.408023E+25  0.675017E+22
    929    8180.000  0.410097E+25  0.677880E+22
    930    8200.000  0.411853E+25  0.680758E+22
    931    8220.000  0.412972E+25  0.683648E+22
    932    8240.000  0.413262E+25  0.686546E+22
    933    8260.000  0.412723E+25  0.689446E+22
    934    8280.000  0.411478E+25  0.692343E+22
    935    8300.000  0.409728E+25  0.695230E+22
    936    8320.000  0.407672E+25  0.698106E+22
    937    8340.000  0.405524E+25  0.700967E+22
    938    8360.000  0.403452E+25  0.703812E+22
    939    8380.000  0.401576E+25  0.706644E+22
    940    8400.000  0.399976E+25  0.709462E+22
    941    8420.000  0.398714E+25  0.712268E+22
    942    8440.000  0.397808E+25  0.715066E+22
    943    8460.000  0.397188E+25  0.717858E+22
    944    8480.000  0.396727E+25  0.720645E+22
    945    8500.000  0.396399E+25  0.723429E+22
    946    8520.000  0.396213E+25  0.726211E+22
    947    8540.000  0.396169E+25  0.728992E+22
    948    8560.000  0.396251E+25  0.731772E+22
    949    8580.000  0.396496E+25  0.734553E+22
    950    8600.000  0.396834E+25  0.737335E+22
    951    8620.000  0.397185E+25  0.740120E+22
    952    8640.000  0.397477E+25  0.742907E+22
    953    8660.000  0.397675E+25  0.745696E+22
    954    8680.000  0.397835E+25  0.748487E+22
    955    8700.000  0.398139E+25  0.751279E+22
    956    8720.000  0.398638E+25  0.754073E+22
    957    8740.000  0.399306E+25  0.756870E+22
    958    8760.000  0.400143E+25  0.759672E+22
    959    8780.000  0.401114E+25  0.762481E+22
    960    8800.000  0.402170E+25  0.765295E+22
    961    8820.000  0.403274E+25  0.768118E+22
    962    8840.000  0.404394E+25  0.770948E+22
    963    8860.000  0.405538E+25  0.773785E+22
    964    8880.000  0.406710E+25  0.776631E+22
    965    8900.000  0.407894E+25  0.779485E+22
    966    8920.000  0.409046E+25  0.782348E+22
    967    8940.000  0.410111E+25  0.785218E+22
    968    8960.000  0.411034E+25  0.788096E+22
    969    8980.000  0.411773E+25  0.790981E+22
    970    9000.000  0.412309E+25  0.793870E+22
    971    9020.000  0.412637E+25  0.796764E+22
    972    9040.000  0.412772E+25  0.799660E+22
    973    9060.000  0.412731E+25  0.802556E+22
    974    9080.000  0.412549E+25  0.805453E+22
    975    9100.000  0.412267E+25  0.808348E+22
    976    9120.000  0.411908E+25  0.811241E+22
    977    9140.000  0.411498E+25  0.814131E+22
    978    9160.000  0.411073E+25  0.817019E+22
    979    9180.000  0.410646E+25  0.819904E+22
    980    9200.000  0.410223E+25  0.822786E+22
    981    9220.000  0.409789E+25  0.825664E+22
    982    9240.000  0.409319E+25  0.828540E+22
    983    9260.000  0.408785E+25  0.831412E+22
    984    9280.000  0.408156E+25  0.834281E+22
    985    9300.000  0.407396E+25  0.837145E+22
    986    9320.000  0.406479E+25  0.840004E+22
    987    9340.000  0.405387E+25  0.842857E+22
    988    9360.000  0.404130E+25  0.845702E+22
    989    9380.000  0.402727E+25  0.848538E+22
    990    9400.000  0.401209E+25  0.851364E+22
    991    9420.000  0.399617E+25  0.854179E+22
    992    9440.000  0.397985E+25  0.856984E+22
    993    9460.000  0.396352E+25  0.859777E+22
    994    9480.000  0.394749E+25  0.862558E+22
    995    9500.000  0.393182E+25  0.865328E+22
    996    9520.000  0.391648E+25  0.868087E+22
    997    9540.000  0.390142E+25  0.870836E+22
    998    9560.000  0.388630E+25  0.873574E+22
    999    9580.000  0.387089E+25  0.876301E+22
   1000    9600.000  0.385501E+25  0.879017E+22
   1001    9620.000  0.383900E+25  0.881723E+22
   1002    9640.000  0.382301E+25  0.884417E+22
   1003    9660.000  0.380724E+25  0.887099E+22
   1004    9680.000  0.379173E+25  0.889771E+22
   1005    9700.000  0.377664E+25  0.892432E+22
   1006    9720.000  0.376221E+25  0.895082E+22
   1007    9740.000  0.374844E+25  0.897722E+22
   1008    9760.000  0.373530E+25  0.900353E+22
   1009    9780.000  0.372204E+25  0.902974E+22
   1010    9800.000  0.370830E+25  0.905586E+22
   1011    9820.000  0.369372E+25  0.908188E+22
   1012    9840.000  0.367808E+25  0.910781E+22
   1013    9860.000  0.366134E+25  0.913362E+22
   1014    9880.000  0.364390E+25  0.915931E+22
   1015    9900.000  0.362652E+25  0.918488E+22
   1016    9920.000  0.361004E+25  0.921033E+22
   1017    9940.000  0.359503E+25  0.923566E+22
   1018    9960.000  0.358170E+25  0.926089E+22
   1019    9980.000  0.356969E+25  0.928603E+22
   1020   10000.000  0.355808E+25  0.931108E+22
   1021   10020.000  0.354570E+25  0.933605E+22
   1022   10040.000  0.353150E+25  0.936093E+22
   1023   10060.000  0.351517E+25  0.938571E+22
   1024   10080.000  0.349729E+25  0.941038E+22
   1025   10100.000  0.347976E+25  0.943492E+22
   1026   10120.000  0.346462E+25  0.945934E+22
   1027   10140.000  0.345403E+25  0.948366E+22
   1028   10160.000  0.344957E+25  0.950789E+22
   1029   10180.000  0.345152E+25  0.953210E+22
   1030   10200.000  0.345850E+25  0.955632E+22
   1031   10205.000  0.343446E+25  0.956239E+22
   1032   10210.000  0.343209E+25  0.956842E+22
   1033   10215.000  0.343295E+25  0.957444E+22
   1034   10220.000  0.343272E+25  0.958046E+22
   1035   10225.000  0.343216E+25  0.958648E+22
   1036   10230.000  0.343193E+25  0.959250E+22
   1037   10235.000  0.343198E+25  0.959852E+22
   1038   10240.000  0.343201E+25  0.960455E+22
   1039   10245.000  0.343188E+25  0.961057E+22
   1040   10250.000  0.343160E+25  0.961659E+22
   1041   10255.000  0.343131E+25  0.962261E+22
   1042   10260.000  0.343123E+25  0.962863E+22
   1043   10265.000  0.343157E+25  0.963465E+22
   1044   10270.000  0.343248E+25  0.964067E+22
   1045   10275.000  0.343407E+25  0.964669E+22
   1046   10280.000  0.343638E+25  0.965271E+22
   1047   10285.000  0.343945E+25  0.965874E+22
   1048   10290.000  0.344331E+25  0.966478E+22
   1049   10295.000  0.344796E+25  0.967082E+22
   1050   10300.000  0.345342E+25  0.967687E+22
   1051   10305.000  0.345964E+25  0.968293E+22
   1052   10310.000  0.346658E+25  0.968900E+22
   1053   10315.000  0.347415E+25  0.969508E+22
   1054   10320.000  0.348227E+25  0.970117E+22
   1055   10325.000  0.349085E+25  0.970728E+22
   1056   10330.000  0.349978E+25  0.971341E+22
   1057   10335.000  0.350895E+25  0.971955E+22
   1058   10340.000  0.351824E+25  0.972570E+22
   1059   10345.000  0.352747E+25  0.973187E+22
   1060   10350.000  0.353649E+25  0.973806E+22
   1061   10355.000  0.354508E+25  0.974427E+22
   1062   10360.000  0.355304E+25  0.975049E+22
   1063   10365.000  0.356013E+25  0.975672E+22
   1064   10370.000  0.356613E+25  0.976297E+22
   1065   10375.000  0.357088E+25  0.976922E+22
   1066   10380.000  0.357425E+25  0.977549E+22
   1067   10385.000  0.357620E+25  0.978176E+22
   1068   10390.000  0.357676E+25  0.978803E+22
   1069   10395.000  0.357601E+25  0.979431E+22
   1070   10400.000  0.357411E+25  0.980058E+22
   1071   10405.000  0.357126E+25  0.980685E+22
   1072   10410.000  0.356772E+25  0.981312E+22
   1073   10415.000  0.356383E+25  0.981938E+22
   1074   10420.000  0.355994E+25  0.982563E+22
   1075   10425.000  0.355645E+25  0.983187E+22
   1076   10430.000  0.355382E+25  0.983811E+22
   1077   10435.000  0.355248E+25  0.984435E+22
   1078   10440.000  0.355292E+25  0.985058E+22
   1079   10445.000  0.355560E+25  0.985681E+22
   1080   10450.000  0.356099E+25  0.986305E+22
   1081   10455.000  0.356955E+25  0.986930E+22
   1082   10460.000  0.358168E+25  0.987556E+22
   1083   10465.000  0.359776E+25  0.988184E+22
   1084   10470.000  0.361804E+25  0.988816E+22
   1085   10475.000  0.364257E+25  0.989450E+22
   1086   10480.000  0.367131E+25  0.990089E+22
   1087   10485.000  0.370384E+25  0.990734E+22
   1088   10490.000  0.373960E+25  0.991383E+22
   1089   10495.000  0.377769E+25  0.992039E+22
   1090   10500.000  0.381694E+25  0.992702E+22
   1091   10505.000  0.385568E+25  0.993372E+22
   1092   10510.000  0.389202E+25  0.994048E+22
   1093   10515.000  0.392392E+25  0.994731E+22
   1094   10520.000  0.394943E+25  0.995419E+22
   1095   10525.000  0.396682E+25  0.996112E+22
   1096   10530.000  0.397485E+25  0.996808E+22
   1097   10535.000  0.397278E+25  0.997506E+22
   1098   10540.000  0.396047E+25  0.998203E+22
   1099   10545.000  0.393840E+25  0.998897E+22
   1100   10550.000  0.390774E+25  0.999588E+22
   1101   10555.000  0.387010E+25  0.100027E+23
   1102   10560.000  0.382743E+25  0.100095E+23
   1103   10565.000  0.378172E+25  0.100162E+23
   1104   10570.000  0.373480E+25  0.100229E+23
   1105   10575.000  0.368862E+25  0.100294E+23
   1106   10580.000  0.364528E+25  0.100359E+23
   1107   10585.000  0.360704E+25  0.100423E+23
   1108   10590.000  0.357630E+25  0.100486E+23
   1109   10595.000  0.355587E+25  0.100549E+23
   1110   10600.000  0.354915E+25  0.100611E+23
   1111   10605.000  0.356068E+25  0.100674E+23
   1112   10610.000  0.359704E+25  0.100736E+23
   1113   10615.000  0.366591E+25  0.100799E+23
   1114   10620.000  0.377529E+25  0.100864E+23
   1115   10625.000  0.393119E+25  0.100930E+23
   1116   10630.000  0.413615E+25  0.100999E+23
   1117   10635.000  0.438803E+25  0.101071E+23
   1118   10640.000  0.467898E+25  0.101148E+23
   1119   10645.000  0.499544E+25  0.101230E+23
   1120   10650.000  0.531799E+25  0.101318E+23
   1121   10651.000  0.560817E+25  0.101337E+23
   1122   10652.000  0.575636E+25  0.101356E+23
   1123   10653.000  0.585668E+25  0.101377E+23
   1124   10654.000  0.593969E+25  0.101397E+23
   1125   10655.000  0.601230E+25  0.101418E+23
   1126   10656.000  0.607542E+25  0.101439E+23
   1127   10657.000  0.612920E+25  0.101460E+23
   1128   10658.000  0.617405E+25  0.101482E+23
   1129   10659.000  0.621068E+25  0.101504E+23
   1130   10660.000  0.623950E+25  0.101525E+23
   1131   10661.000  0.626104E+25  0.101547E+23
   1132   10662.000  0.627564E+25  0.101569E+23
   1133   10663.000  0.628385E+25  0.101591E+23
   1134   10664.000  0.628608E+25  0.101613E+23
   1135   10665.000  0.628288E+25  0.101635E+23
   1136   10666.000  0.627491E+25  0.101657E+23
   1137   10667.000  0.626287E+25  0.101679E+23
   1138   10668.000  0.624743E+25  0.101701E+23
   1139   10669.000  0.622939E+25  0.101723E+23
   1140   10670.000  0.620948E+25  0.101745E+23
   1141   10671.000  0.618855E+25  0.101767E+23
   1142   10672.000  0.616746E+25  0.101789E+23
   1143   10673.000  0.614711E+25  0.101810E+23
   1144   10674.000  0.612849E+25  0.101832E+23
   1145   10675.000  0.611260E+25  0.101853E+23
   1146   10676.000  0.610043E+25  0.101875E+23
   1147   10677.000  0.609290E+25  0.101896E+23
   1148   10678.000  0.609087E+25  0.101918E+23
   1149   10679.000  0.609502E+25  0.101939E+23
   1150   10680.000  0.610592E+25  0.101960E+23
   1151   10681.000  0.612390E+25  0.101982E+23
   1152   10682.000  0.614910E+25  0.102003E+23
   1153   10683.000  0.618143E+25  0.102025E+23
   1154   10684.000  0.622054E+25  0.102046E+23
   1155   10685.000  0.626589E+25  0.102068E+23
   1156   10686.000  0.631673E+25  0.102090E+23
   1157   10687.000  0.637217E+25  0.102112E+23
   1158   10688.000  0.643117E+25  0.102135E+23
   1159   10689.000  0.649269E+25  0.102157E+23
   1160   10690.000  0.655568E+25  0.102180E+23
   1161   10691.000  0.661913E+25  0.102203E+23
   1162   10692.000  0.668208E+25  0.102226E+23
   1163   10693.000  0.674358E+25  0.102250E+23
   1164   10694.000  0.680268E+25  0.102274E+23
   1165   10695.000  0.685836E+25  0.102297E+23
   1166   10696.000  0.690960E+25  0.102321E+23
   1167   10697.000  0.695531E+25  0.102346E+23
   1168   10698.000  0.699439E+25  0.102370E+23
   1169   10699.000  0.702578E+25  0.102395E+23
   1170   10700.000  0.704849E+25  0.102419E+23
   1171   10701.000  0.706176E+25  0.102444E+23
   1172   10702.000  0.706522E+25  0.102469E+23
   1173   10703.000  0.705898E+25  0.102494E+23
   1174   10704.000  0.704349E+25  0.102518E+23
   1175   10705.000  0.701946E+25  0.102543E+23
   1176   10706.000  0.698799E+25  0.102568E+23
   1177   10707.000  0.695031E+25  0.102592E+23
   1178   10708.000  0.690769E+25  0.102617E+23
   1179   10709.000  0.686098E+25  0.102641E+23
   1180   10710.000  0.681087E+25  0.102665E+23
   1181   10711.000  0.675820E+25  0.102689E+23
   1182   10712.000  0.670365E+25  0.102713E+23
   1183   10713.000  0.664750E+25  0.102736E+23
   1184   10714.000  0.658976E+25  0.102759E+23
   1185   10715.000  0.653063E+25  0.102782E+23
   1186   10716.000  0.647038E+25  0.102805E+23
   1187   10717.000  0.640960E+25  0.102828E+23
   1188   10718.000  0.634902E+25  0.102851E+23
   1189   10719.000  0.628938E+25  0.102873E+23
   1190   10720.000  0.623146E+25  0.102895E+23
   1191   10721.000  0.617583E+25  0.102917E+23
   1192   10722.000  0.612298E+25  0.102938E+23
   1193   10723.000  0.607310E+25  0.102960E+23
   1194   10724.000  0.602623E+25  0.102981E+23
   1195   10725.000  0.598225E+25  0.103002E+23
   1196   10726.000  0.594095E+25  0.103023E+23
   1197   10727.000  0.590194E+25  0.103044E+23
   1198   10728.000  0.586542E+25  0.103065E+23
   1199   10729.000  0.583132E+25  0.103086E+23
   1200   10730.000  0.579942E+25  0.103106E+23
   1201   10730.500  0.576890E+25  0.103116E+23
   1202   10731.000  0.575038E+25  0.103126E+23
   1203   10731.500  0.573716E+25  0.103136E+23
   1204   10732.000  0.572629E+25  0.103146E+23
   1205   10732.500  0.571652E+25  0.103157E+23
   1206   10733.000  0.570726E+25  0.103167E+23
   1207   10733.500  0.569818E+25  0.103177E+23
   1208   10734.000  0.568909E+25  0.103187E+23
   1209   10734.500  0.567986E+25  0.103197E+23
   1210   10735.000  0.567038E+25  0.103206E+23
   1211   10735.500  0.566058E+25  0.103216E+23
   1212   10736.000  0.565030E+25  0.103226E+23
   1213   10736.500  0.563935E+25  0.103236E+23
   1214   10737.000  0.562755E+25  0.103246E+23
   1215   10737.500  0.561466E+25  0.103256E+23
   1216   10738.000  0.560046E+25  0.103266E+23
   1217   10738.500  0.558477E+25  0.103276E+23
   1218   10739.000  0.556752E+25  0.103286E+23
   1219   10739.500  0.554863E+25  0.103295E+23
   1220   10740.000  0.552804E+25  0.103305E+23
   1221   10740.500  0.550575E+25  0.103315E+23
   1222   10741.000  0.548166E+25  0.103324E+23
   1223   10741.500  0.545580E+25  0.103334E+23
   1224   10742.000  0.542819E+25  0.103344E+23
   1225   10742.500  0.539885E+25  0.103353E+23
   1226   10743.000  0.536800E+25  0.103363E+23
   1227   10743.500  0.533586E+25  0.103372E+23
   1228   10744.000  0.530280E+25  0.103381E+23
   1229   10744.500  0.526935E+25  0.103391E+23
   1230   10745.000  0.523597E+25  0.103400E+23
   1231   10745.500  0.520308E+25  0.103409E+23
   1232   10746.000  0.517122E+25  0.103418E+23
   1233   10746.500  0.514080E+25  0.103427E+23
   1234   10747.000  0.511220E+25  0.103436E+23
   1235   10747.500  0.508584E+25  0.103445E+23
   1236   10748.000  0.506212E+25  0.103454E+23
   1237   10748.500  0.504131E+25  0.103463E+23
   1238   10749.000  0.502347E+25  0.103472E+23
   1239   10749.500  0.500861E+25  0.103481E+23
   1240   10750.000  0.499646E+25  0.103490E+23
   1241   10750.500  0.498661E+25  0.103498E+23
   1242   10751.000  0.497874E+25  0.103507E+23
   1243   10751.500  0.497265E+25  0.103516E+23
   1244   10752.000  0.496822E+25  0.103524E+23
   1245   10752.500  0.496533E+25  0.103533E+23
   1246   10753.000  0.496369E+25  0.103542E+23
   1247   10753.500  0.496290E+25  0.103551E+23
   1248   10754.000  0.496277E+25  0.103559E+23
   1249   10754.500  0.496334E+25  0.103568E+23
   1250   10755.000  0.496492E+25  0.103577E+23
   1251   10755.500  0.496773E+25  0.103585E+23
   1252   10756.000  0.497178E+25  0.103594E+23
   1253   10756.500  0.497687E+25  0.103603E+23
   1254   10757.000  0.498258E+25  0.103612E+23
   1255   10757.500  0.498842E+25  0.103620E+23
   1256   10758.000  0.499402E+25  0.103629E+23
   1257   10758.500  0.499893E+25  0.103638E+23
   1258   10759.000  0.500277E+25  0.103647E+23
   1259   10759.500  0.500519E+25  0.103655E+23
   1260   10760.000  0.500605E+25  0.103664E+23
   1261   10760.500  0.500525E+25  0.103673E+23
   1262   10761.000  0.500288E+25  0.103682E+23
   1263   10761.500  0.499940E+25  0.103691E+23
   1264   10762.000  0.499540E+25  0.103699E+23
   1265   10762.500  0.499148E+25  0.103708E+23
   1266   10763.000  0.498834E+25  0.103717E+23
   1267   10763.500  0.498662E+25  0.103726E+23
   1268   10764.000  0.498678E+25  0.103734E+23
   1269   10764.500  0.498881E+25  0.103743E+23
   1270   10765.000  0.499258E+25  0.103752E+23
   1271   10765.500  0.499784E+25  0.103761E+23
   1272   10766.000  0.500395E+25  0.103769E+23
   1273   10766.500  0.501010E+25  0.103778E+23
   1274   10767.000  0.501523E+25  0.103787E+23
   1275   10767.500  0.501815E+25  0.103796E+23
   1276   10768.000  0.501782E+25  0.103805E+23
   1277   10768.500  0.501350E+25  0.103813E+23
   1278   10769.000  0.500476E+25  0.103822E+23
   1279   10769.500  0.499147E+25  0.103831E+23
   1280   10770.000  0.497364E+25  0.103840E+23
   1281   10770.500  0.495172E+25  0.103848E+23
   1282   10771.000  0.492665E+25  0.103857E+23
   1283   10771.500  0.490004E+25  0.103866E+23
   1284   10772.000  0.487399E+25  0.103874E+23
   1285   10772.500  0.485059E+25  0.103883E+23
   1286   10773.000  0.483158E+25  0.103891E+23
   1287   10773.500  0.481794E+25  0.103900E+23
   1288   10774.000  0.480964E+25  0.103908E+23
   1289   10774.500  0.480649E+25  0.103917E+23
   1290   10775.000  0.480821E+25  0.103925E+23
   1291   10775.500  0.481514E+25  0.103934E+23
   1292   10776.000  0.482804E+25  0.103942E+23
   1293   10776.500  0.484663E+25  0.103951E+23
   1294   10777.000  0.487073E+25  0.103959E+23
   1295   10777.500  0.490023E+25  0.103968E+23
   1296   10778.000  0.493341E+25  0.103976E+23
   1297   10778.500  0.496920E+25  0.103985E+23
   1298   10779.000  0.500690E+25  0.103994E+23
   1299   10779.500  0.504274E+25  0.104002E+23
   1300   10780.000  0.507677E+25  0.104011E+23
   1301   10780.500  0.510659E+25  0.104020E+23
   1302   10781.000  0.513037E+25  0.104029E+23
   1303   10781.500  0.514812E+25  0.104038E+23
   1304   10782.000  0.516047E+25  0.104047E+23
   1305   10782.500  0.516711E+25  0.104056E+23
   1306   10783.000  0.517018E+25  0.104065E+23
   1307   10783.500  0.517096E+25  0.104074E+23
   1308   10784.000  0.517211E+25  0.104083E+23
   1309   10784.500  0.517363E+25  0.104092E+23
   1310   10785.000  0.517827E+25  0.104101E+23
   1311   10785.500  0.518504E+25  0.104111E+23
   1312   10786.000  0.519767E+25  0.104120E+23
   1313   10786.500  0.521520E+25  0.104129E+23
   1314   10787.000  0.523673E+25  0.104138E+23
   1315   10787.500  0.526082E+25  0.104147E+23
   1316   10788.000  0.529125E+25  0.104156E+23
   1317   10788.500  0.532468E+25  0.104166E+23
   1318   10789.000  0.536138E+25  0.104175E+23
   1319   10789.500  0.540029E+25  0.104184E+23
   1320   10790.000  0.544232E+25  0.104194E+23
   1321   10790.500  0.548519E+25  0.104203E+23
   1322   10791.000  0.553088E+25  0.104213E+23
   1323   10791.500  0.557818E+25  0.104223E+23
   1324   10792.000  0.562715E+25  0.104233E+23
   1325   10792.500  0.567830E+25  0.104242E+23
   1326   10793.000  0.573155E+25  0.104252E+23
   1327   10793.500  0.578813E+25  0.104262E+23
   1328   10794.000  0.584602E+25  0.104273E+23
   1329   10794.500  0.590609E+25  0.104283E+23
   1330   10795.000  0.596762E+25  0.104293E+23
   1331   10795.500  0.602925E+25  0.104304E+23
   1332   10796.000  0.609033E+25  0.104314E+23
   1333   10796.500  0.615165E+25  0.104325E+23
   1334   10797.000  0.621512E+25  0.104336E+23
   1335   10797.500  0.628334E+25  0.104347E+23
   1336   10798.000  0.635921E+25  0.104358E+23
   1337   10798.500  0.644568E+25  0.104369E+23
   1338   10799.000  0.654522E+25  0.104380E+23
   1339   10799.500  0.665955E+25  0.104392E+23
   1340   10800.000  0.678965E+25  0.104403E+23
   1341   10800.500  0.693536E+25  0.104415E+23
   1342   10801.000  0.709664E+25  0.104427E+23
   1343   10801.500  0.727239E+25  0.104440E+23
   1344   10802.000  0.746122E+25  0.104453E+23
   1345   10802.500  0.766119E+25  0.104466E+23
   1346   10803.000  0.786909E+25  0.104479E+23
   1347   10803.500  0.808066E+25  0.104493E+23
   1348   10804.000  0.829193E+25  0.104507E+23
   1349   10804.500  0.849891E+25  0.104522E+23
   1350   10805.000  0.869448E+25  0.104537E+23
   1351   10805.500  0.887931E+25  0.104552E+23
   1352   10806.000  0.904571E+25  0.104567E+23
   1353   10806.500  0.919496E+25  0.104583E+23
   1354   10807.000  0.932259E+25  0.104599E+23
   1355   10807.500  0.943320E+25  0.104616E+23
   1356   10808.000  0.952364E+25  0.104632E+23
   1357   10808.500  0.960047E+25  0.104649E+23
   1358   10809.000  0.965794E+25  0.104666E+23
   1359   10809.500  0.970542E+25  0.104683E+23
   1360   10810.000  0.974624E+25  0.104700E+23
   1361   10810.500  0.977644E+25  0.104717E+23
   1362   10811.000  0.979923E+25  0.104734E+23
   1363   10811.500  0.982147E+25  0.104751E+23
   1364   10812.000  0.983834E+25  0.104768E+23
   1365   10812.500  0.985874E+25  0.104786E+23
   1366   10813.000  0.987228E+25  0.104803E+23
   1367   10813.500  0.987930E+25  0.104820E+23
   1368   10814.000  0.988378E+25  0.104838E+23
   1369   10814.500  0.988748E+25  0.104855E+23
   1370   10815.000  0.989597E+25  0.104872E+23
   1371   10815.500  0.989487E+25  0.104890E+23
   1372   10816.000  0.988477E+25  0.104907E+23
   1373   10816.500  0.987230E+25  0.104924E+23
   1374   10817.000  0.985173E+25  0.104942E+23
   1375   10817.500  0.982255E+25  0.104959E+23
   1376   10818.000  0.978398E+25  0.104976E+23
   1377   10818.500  0.973586E+25  0.104993E+23
   1378   10819.000  0.967519E+25  0.105011E+23
   1379   10819.500  0.960025E+25  0.105027E+23
   1380   10820.000  0.951040E+25  0.105044E+23
   1381   10820.500  0.940898E+25  0.105061E+23
   1382   10821.000  0.928849E+25  0.105078E+23
   1383   10821.500  0.915252E+25  0.105094E+23
   1384   10822.000  0.900133E+25  0.105110E+23
   1385   10822.500  0.883829E+25  0.105126E+23
   1386   10823.000  0.866003E+25  0.105141E+23
   1387   10823.500  0.847399E+25  0.105156E+23
   1388   10824.000  0.827885E+25  0.105171E+23
   1389   10824.500  0.807754E+25  0.105186E+23
   1390   10825.000  0.787052E+25  0.105200E+23
   1391   10825.500  0.766261E+25  0.105214E+23
   1392   10826.000  0.745827E+25  0.105227E+23
   1393   10826.500  0.725379E+25  0.105240E+23
   1394   10827.000  0.705450E+25  0.105253E+23
   1395   10827.500  0.686048E+25  0.105265E+23
   1396   10828.000  0.667305E+25  0.105277E+23
   1397   10828.500  0.649499E+25  0.105289E+23
   1398   10829.000  0.631894E+25  0.105300E+23
   1399   10829.500  0.613727E+25  0.105312E+23
   1400   10830.000  0.588002E+25  0.105322E+23
   1401   10830.500  0.561081E+25  0.105333E+23
   1402   10831.000  0.558573E+25  0.105343E+23
   1403   10831.500  0.556686E+25  0.105352E+23
   1404   10832.000  0.555531E+25  0.105362E+23
   1405   10832.500  0.555127E+25  0.105372E+23
   1406   10833.000  0.554997E+25  0.105382E+23
   1407   10833.500  0.555389E+25  0.105391E+23
   1408   10834.000  0.556334E+25  0.105401E+23
   1409   10834.500  0.557851E+25  0.105411E+23
   1410   10835.000  0.559906E+25  0.105421E+23
   1411   10835.500  0.562527E+25  0.105430E+23
   1412   10836.000  0.566032E+25  0.105440E+23
   1413   10836.500  0.570585E+25  0.105450E+23
   1414   10837.000  0.576290E+25  0.105460E+23
   1415   10837.500  0.583190E+25  0.105470E+23
   1416   10838.000  0.591093E+25  0.105481E+23
   1417   10838.500  0.599844E+25  0.105491E+23
   1418   10839.000  0.609081E+25  0.105501E+23
   1419   10839.500  0.618556E+25  0.105512E+23
   1420   10840.000  0.627980E+25  0.105523E+23
   1421   10840.500  0.637144E+25  0.105534E+23
   1422   10841.000  0.645900E+25  0.105545E+23
   1423   10841.500  0.654174E+25  0.105557E+23
   1424   10842.000  0.661913E+25  0.105568E+23
   1425   10842.500  0.669074E+25  0.105580E+23
   1426   10843.000  0.675619E+25  0.105591E+23
   1427   10843.500  0.681515E+25  0.105603E+23
   1428   10844.000  0.686755E+25  0.105615E+23
   1429   10844.500  0.691396E+25  0.105627E+23
   1430   10845.000  0.695554E+25  0.105639E+23
   1431   10845.500  0.699414E+25  0.105652E+23
   1432   10846.000  0.703195E+25  0.105664E+23
   1433   10846.500  0.707136E+25  0.105676E+23
   1434   10847.000  0.711462E+25  0.105689E+23
   1435   10847.500  0.716342E+25  0.105701E+23
   1436   10848.000  0.721865E+25  0.105714E+23
   1437   10848.500  0.728035E+25  0.105726E+23
   1438   10849.000  0.734774E+25  0.105739E+23
   1439   10849.500  0.741956E+25  0.105752E+23
   1440   10850.000  0.749436E+25  0.105765E+23
   1441   10850.500  0.815782E+25  0.105778E+23
   1442   10851.000  0.844942E+25  0.105792E+23
   1443   10851.500  0.862369E+25  0.105807E+23
   1444   10852.000  0.873485E+25  0.105822E+23
   1445   10852.500  0.879778E+25  0.105838E+23
   1446   10853.000  0.882520E+25  0.105853E+23
   1447   10853.500  0.883459E+25  0.105869E+23
   1448   10854.000  0.884621E+25  0.105884E+23
   1449   10854.500  0.886954E+25  0.105900E+23
   1450   10855.000  0.889024E+25  0.105915E+23
   1451   10855.300  0.888054E+25  0.105925E+23
   1452   10855.600  0.885510E+25  0.105934E+23
   1453   10855.900  0.880147E+25  0.105943E+23
   1454   10856.200  0.869375E+25  0.105952E+23
   1455   10856.500  0.825906E+25  0.105962E+23
   1456   10856.800  0.826709E+25  0.105970E+23
   1457   10857.100  0.827129E+25  0.105979E+23
   1458   10857.400  0.827165E+25  0.105988E+23
   1459   10857.700  0.826833E+25  0.105996E+23
   1460   10858.000  0.826161E+25  0.106005E+23
   1461   10858.300  0.825177E+25  0.106014E+23
   1462   10858.600  0.823920E+25  0.106023E+23
   1463   10858.900  0.822429E+25  0.106031E+23
   1464   10859.200  0.820745E+25  0.106040E+23
   1465   10859.500  0.818913E+25  0.106048E+23
   1466   10859.800  0.816979E+25  0.106057E+23
   1467   10860.100  0.814982E+25  0.106066E+23
   1468   10860.400  0.812957E+25  0.106074E+23
   1469   10860.700  0.810933E+25  0.106083E+23
   1470   10861.000  0.808933E+25  0.106091E+23
   1471   10861.300  0.806974E+25  0.106100E+23
   1472   10861.600  0.805071E+25  0.106108E+23
   1473   10861.900  0.803233E+25  0.106117E+23
   1474   10862.200  0.801469E+25  0.106125E+23
   1475   10862.500  0.799783E+25  0.106134E+23
   1476   10862.800  0.798170E+25  0.106142E+23
   1477   10863.100  0.796636E+25  0.106151E+23
   1478   10863.400  0.795173E+25  0.106159E+23
   1479   10863.700  0.793784E+25  0.106167E+23
   1480   10864.000  0.792469E+25  0.106176E+23
   1481   10864.300  0.791230E+25  0.106184E+23
   1482   10864.600  0.790074E+25  0.106192E+23
   1483   10864.900  0.789007E+25  0.106201E+23
   1484   10865.200  0.788039E+25  0.106209E+23
   1485   10865.500  0.787173E+25  0.106217E+23
   1486   10865.800  0.786404E+25  0.106226E+23
   1487   10866.100  0.785721E+25  0.106234E+23
   1488   10866.400  0.785098E+25  0.106242E+23
   1489   10866.700  0.784506E+25  0.106250E+23
   1490   10867.000  0.783912E+25  0.106259E+23
   1491   10867.300  0.783286E+25  0.106267E+23
   1492   10867.600  0.782617E+25  0.106275E+23
   1493   10867.900  0.781906E+25  0.106283E+23
   1494   10868.200  0.781175E+25  0.106292E+23
   1495   10868.500  0.817181E+25  0.106300E+23
   1496   10868.800  0.831893E+25  0.106308E+23
   1497   10869.100  0.838768E+25  0.106317E+23
   1498   10869.400  0.843431E+25  0.106326E+23
   1499   10869.700  0.847275E+25  0.106335E+23
   1500   10870.000  0.850677E+25  0.106344E+23
   1501   10870.300  0.853601E+25  0.106353E+23
   1502   10870.600  0.855847E+25  0.106362E+23
   1503   10870.900  0.857166E+25  0.106371E+23
   1504   10871.200  0.857328E+25  0.106380E+23
   1505   10871.500  0.856139E+25  0.106389E+23
   1506   10871.800  0.853336E+25  0.106398E+23
   1507   10872.100  0.848068E+25  0.106407E+23
   1508   10872.400  0.828105E+25  0.106416E+23
   1509   10872.700  0.828763E+25  0.106424E+23
   1510   10873.000  0.828862E+25  0.106433E+23
   1511   10873.300  0.828375E+25  0.106442E+23
   1512   10873.600  0.827334E+25  0.106451E+23
   1513   10873.900  0.825836E+25  0.106459E+23
   1514   10874.200  0.824022E+25  0.106468E+23
   1515   10874.500  0.822054E+25  0.106477E+23
   1516   10874.800  0.820090E+25  0.106485E+23
   1517   10875.100  0.824674E+25  0.106494E+23
   1518   10875.400  0.833488E+25  0.106503E+23
   1519   10875.700  0.835875E+25  0.106511E+23
   1520   10876.000  0.837111E+25  0.106520E+23
   1521   10876.300  0.837775E+25  0.106529E+23
   1522   10876.600  0.838023E+25  0.106538E+23
   1523   10876.900  0.837885E+25  0.106547E+23
   1524   10877.200  0.837335E+25  0.106555E+23
   1525   10877.500  0.836303E+25  0.106564E+23
   1526   10877.800  0.834695E+25  0.106573E+23
   1527   10878.100  0.832415E+25  0.106582E+23
   1528   10878.400  0.829395E+25  0.106591E+23
   1529   10878.700  0.825607E+25  0.106599E+23
   1530   10879.000  0.821087E+25  0.106608E+23
   1531   10879.300  0.815913E+25  0.106617E+23
   1532   10879.600  0.810191E+25  0.106625E+23
   1533   10879.900  0.804021E+25  0.106634E+23
   1534   10880.200  0.797510E+25  0.106642E+23
   1535   10880.500  0.790737E+25  0.106651E+23
   1536   10880.800  0.783757E+25  0.106659E+23
   1537   10881.100  0.776626E+25  0.106667E+23
   1538   10881.400  0.769383E+25  0.106675E+23
   1539   10881.700  0.762060E+25  0.106684E+23
   1540   10882.000  0.754689E+25  0.106692E+23
   1541   10882.300  0.747312E+25  0.106700E+23
   1542   10882.600  0.739985E+25  0.106707E+23
   1543   10882.900  0.732775E+25  0.106715E+23
   1544   10883.200  0.725753E+25  0.106723E+23
   1545   10883.500  0.718982E+25  0.106731E+23
   1546   10883.800  0.712502E+25  0.106738E+23
   1547   10884.100  0.706337E+25  0.106746E+23
   1548   10884.400  0.700482E+25  0.106753E+23
   1549   10884.700  0.694921E+25  0.106760E+23
   1550   10885.000  0.689638E+25  0.106768E+23
