# R                      rho                    T                      currdens               pres                   eta_T                  radiation              Psi_N                  
# time step #000010
  1.958198230503847E+00  6.071020130401408E+17  1.830971173264880E+01  2.546732843884400E+01  1.780957495974768E+00  5.787269130834393E-04  1.982585679608538E-02  1.039151443183180E+00
  1.967642359281012E+00  1.566352279389210E+18  2.111842303061439E+01 -7.181081461834575E+02  5.299822243609759E+00  4.672009441926784E-04  1.634654229016003E-01  1.027078514584152E+00
  1.977086488058176E+00  2.783039197627853E+18  2.505129556170166E+01 -1.699554201342464E+03  1.117017273632080E+01  3.616185106070853E-04  5.778062162095132E-01  1.014910791953119E+00
  1.986530616835340E+00  4.419564014910072E+18  3.188105328252861E+01 -3.693182647133621E+03  2.257472481348501E+01  2.518818925663230E-04  1.647255994461325E+00  1.002646176799190E+00
  1.995974745612505E+00  6.497035003749102E+18  4.962465301933935E+01 -8.961914859004008E+03  5.165627254306771E+01  1.297029084467970E-04  4.424513822352148E+00  9.902843846798224E-01
  2.005418874389671E+00  8.883809832480154E+18  8.556731808349488E+01 -1.990010529803820E+04  1.217916596648153E+02  5.728409537985441E-05  1.069014602182657E+01  9.778204381063494E-01
  2.014863003166834E+00  1.135017974364913E+19  1.265586193117439E+02 -2.758266306705481E+04  2.301467478932007E+02  3.184625344877390E-05  2.076999115474670E+01  9.652543636246353E-01
  2.024307131944000E+00  1.363591867576901E+19  1.644580033397581E+02 -2.343028863771738E+04  3.592938559872326E+02  2.149876040164953E-05  3.360196529189393E+01  9.525767788287782E-01
  2.033751260721162E+00  1.555933012279022E+19  1.974245645878087E+02 -9.081142247593463E+03  4.921556318884431E+02  1.634534743003037E-05  4.740640680747217E+01  9.397927309934608E-01
  2.043195389498328E+00  1.705697282013602E+19  2.256011152803174E+02  1.151476199915819E+04  6.165290925477891E+02  1.338086151691019E-05  6.049606626506036E+01  9.268978850801081E-01
  2.052639518275492E+00  1.817767536749458E+19  2.515291925964492E+02  3.367999857362929E+04  7.325497338882508E+02  1.136614898522567E-05  7.223928460603534E+01  9.139013489345249E-01
  2.062083647052656E+00  1.902333352441132E+19  2.774808278794948E+02  5.647627407429174E+04  8.457265775114868E+02  9.809490866248094E-06  8.281932704344672E+01  9.008015059219260E-01
  2.071527775829821E+00  1.969444838333701E+19  3.044344651319595E+02  7.987481469501047E+04  9.606120138431809E+02  8.536015857890370E-06  9.267034588858559E+01  8.876080591712577E-01
  2.080971904606985E+00  2.026755668250608E+19  3.329414797653804E+02  1.041634337976244E+05  1.081134376637431E+03  7.463526537604022E-06  1.022583161502912E+02  8.743199208009405E-01
  2.090416033384149E+00  2.078501204863638E+19  3.629278352034365E+02  1.289799447564258E+05  1.208595391375110E+03  6.557911056715168E-06  1.118279956168272E+02  8.609473959039363E-01
  2.099860162161314E+00  2.127007747222662E+19  3.944847927381171E+02  1.542612764414120E+05  1.344341831710247E+03  5.786960800520643E-06  1.215517881829913E+02  8.474896395520083E-01
  2.109304290938478E+00  2.173249542207166E+19  4.274033284945380E+02  1.797318664757099E+05  1.488188252079741E+03  5.131438041795159E-06  1.314665606664242E+02  8.339577328784411E-01
  2.118748419715643E+00  2.217692478326629E+19  4.617534379463017E+02  2.054331185056220E+05  1.640672263481843E+03  4.569626802491630E-06  1.416108779036553E+02  8.203507805473770E-01
  2.128192548492807E+00  2.260516924573454E+19  4.973299040799808E+02  2.312049130546829E+05  1.801203208136294E+03  4.088171240889977E-06  1.519610773325518E+02  8.066803862316161E-01
  2.137636677269972E+00  2.301814917975114E+19  5.342053605626172E+02  2.571202043357173E+05  1.970103384581361E+03  3.672261309045177E-06  1.625233666225110E+02  7.929459797233350E-01
  2.147080806047137E+00  2.341609220574078E+19  5.721941053522501E+02  2.830647808816185E+05  2.146684270364492E+03  3.312690561395647E-06  1.732608205338260E+02  7.791587614385441E-01
  2.156524934824300E+00  2.379923173069725E+19  6.113327831516666E+02  3.090864004388239E+05  2.331046830284639E+03  2.999710966763173E-06  1.841661466645859E+02  7.653198452453711E-01
  2.165969063601466E+00  2.416755979959045E+19  6.514878832196057E+02  3.351142463858858E+05  2.522606554041344E+03  2.726694142795276E-06  1.952050873932768E+02  7.514380706475754E-01
  2.175413192378629E+00  2.452115305605852E+19  6.926136401888618E+02  3.611446307609337E+05  2.721086222217156E+03  2.487478749128243E-06  2.063553997088163E+02  7.375184953663287E-01
  2.184857321155794E+00  2.486011932348506E+19  7.346670303886680E+02  3.871593584038152E+05  2.926200864894127E+03  2.276984707186963E-06  2.175949909682970E+02  7.235652126713413E-01
  2.194301449932958E+00  2.518445551390094E+19  7.775055189541536E+02  4.131058062697971E+05  3.137230448121930E+03  2.091417409213612E-06  2.288859045382230E+02  7.095883973021656E-01
  2.203745578710123E+00  2.549440333242246E+19  8.211434512071594E+02  4.389916249609208E+05  3.354086517784136E+03  1.926936437110111E-06  2.402146765696776E+02  6.955886490368013E-01
  2.213189707487288E+00  2.578997408878761E+19  8.654054091997227E+02  4.647540824567617E+05  3.575863120938553E+03  1.781010711210802E-06  2.515382909930243E+02  6.815781974476334E-01
  2.222633836264453E+00  2.607145431005621E+19  9.102916372762550E+02  4.903940070154035E+05  3.802385853303503E+03  1.650916507584413E-06  2.628417476820504E+02  6.675582402112380E-01
  2.232077965041617E+00  2.633897847872152E+19  9.556713338552511E+02  5.158650686453818E+05  4.032903791504471E+03  1.534733951513012E-06  2.740900188868446E+02  6.535379942812675E-01
  2.241522093818781E+00  2.659278184458635E+19  1.001471764221605E+03  5.411501161408637E+05  4.266903834441316E+03  1.430664746642468E-06  2.852578101678453E+02  6.395239498314472E-01
  2.250966222595946E+00  2.683317213221662E+19  1.047637370399476E+03  5.662164288317775E+05  4.503948059042437E+03  1.337147962177860E-06  2.963239908360615E+02  6.255189913091075E-01
  2.260410351373110E+00  2.706033026824912E+19  1.094034929800607E+03  5.910416864225892E+05  4.743235153108235E+03  1.252994478641789E-06  3.072552150052367E+02  6.115351006514695E-01
  2.269854480150275E+00  2.727464042171361E+19  1.140627589830003E+03  6.155948619166344E+05  4.984404517681794E+03  1.177009941745322E-06  3.180356791140947E+02  5.975732411501630E-01
  2.279298608927439E+00  2.747634705558521E+19  1.187296175978660E+03  6.398529723069791E+05  5.226710398853433E+03  1.108300006913956E-06  3.286367422478201E+02  5.836436830420599E-01
  2.288742737704603E+00  2.766579114667147E+19  1.233973747055190E+03  6.637965366877530E+05  5.469648139415020E+03  1.046012945258366E-06  3.390395552697722E+02  5.697522630817439E-01
  2.298186866481768E+00  2.784334581780183E+19  1.280576983856785E+03  6.873843749392893E+05  5.712648310996174E+03  9.894353025114315E-07  3.492249945895436E+02  5.559022355747156E-01
  2.307630995258932E+00  2.800928971530075E+19  1.327016754910868E+03  7.106190813453502E+05  5.955097509465889E+03  9.379535469275813E-07  3.591720497142512E+02  5.421055508460405E-01
  2.317075124036097E+00  2.816404483610390E+19  1.373219768950513E+03  7.334549296469378E+05  6.196485660044663E+03  8.910167516487437E-07  3.688663437141292E+02  5.283634518110232E-01
  2.326519252813261E+00  2.830793711847103E+19  1.419099054072756E+03  7.558840903805413E+05  6.436226332169526E+03  8.481582165046870E-07  3.782906470396749E+02  5.146854088734084E-01
  2.335963381590425E+00  2.844134467693415E+19  1.464592213103984E+03  7.778924620133077E+05  6.673861986448013E+03  8.089484707634622E-07  3.874333272998949E+02  5.010781493129738E-01
  2.345407510367590E+00  2.856468432736453E+19  1.509598690776346E+03  7.994353551360787E+05  6.908779221742742E+03  7.730430388179292E-07  3.962803010172961E+02  4.875440828668519E-01
  2.354851639144754E+00  2.867829502504532E+19  1.554079224990623E+03  8.205321709851687E+05  7.140635390492758E+03  7.400928478703532E-07  4.048243016375858E+02  4.740952291102262E-01
  2.364295767921919E+00  2.878261627541708E+19  1.597939280499076E+03  8.411367003225182E+05  7.368870350516388E+03  7.098319289568672E-07  4.130551704278075E+02  4.607332256991842E-01
  2.373739896699084E+00  2.887803237852474E+19  1.641114395894979E+03  8.612471407428661E+05  7.593059956354009E+03  6.820051541647264E-07  4.209662504151755E+02  4.474659167623448E-01
  2.383184025476248E+00  2.896494262648716E+19  1.683570157614561E+03  8.808542509455599E+05  7.812935996904258E+03  6.563705864240107E-07  4.285561243678274E+02  4.343012196638099E-01
  2.392628154253412E+00  2.904378461043967E+19  1.725189933040142E+03  8.999314353580254E+05  8.027873078716635E+03  6.327622572242963E-07  4.358157318439688E+02  4.212405269852701E-01
  2.402072283030577E+00  2.911493397493467E+19  1.765979141784304E+03  9.184832144272407E+05  8.237809684557014E+03  6.109667628350880E-07  4.427500920341759E+02  4.082956095362094E-01
  2.411516411807741E+00  2.917882775158827E+19  1.805845059516813E+03  9.364902622787321E+05  8.442259562520256E+03  5.908472404075105E-07  4.493553017767408E+02  3.954680974140833E-01
  2.420960540584905E+00  2.923586429520158E+19  1.844742665438536E+03  9.539430640794202E+05  8.640962187226080E+03  5.722584985484596E-07  4.556331083873029E+02  3.827649545414569E-01
  2.430404669362071E+00  2.928644226225237E+19  1.882660245646700E+03  9.708487129281057E+05  8.833828093697939E+03  5.550575460857209E-07  4.615901175782299E+02  3.701940429243198E-01
  2.439848798139235E+00  2.933097783417169E+19  1.919490024666068E+03  9.871750195386693E+05  9.020337272616529E+03  5.391593614257087E-07  4.672231359969601E+02  3.577562542874695E-01
  2.449292926916400E+00  2.936984244590940E+19  1.955277014573178E+03  1.002948896393622E+06  9.200687637860116E+03  5.244251331280947E-07  4.725462716393296E+02  3.454630470853255E-01
  2.458737055693564E+00  2.940343834862422E+19  1.989916643639254E+03  1.018139545119173E+06  9.374397783018590E+03  5.107914425733118E-07  4.775579668791587E+02  3.333147510594141E-01
  2.468181184470728E+00  2.943213006326075E+19  2.023422718112628E+03  1.032761132472080E+06  9.541544734969557E+03  4.981567356666366E-07  4.822698921677957E+02  3.213197775667785E-01
  2.477625313247893E+00  2.945628598176140E+19  2.055770300895302E+03  1.046811103946693E+06  9.702037530613285E+03  4.864453519792912E-07  4.866899606720115E+02  3.094830927145433E-01
  2.487069442025058E+00  2.947626398347209E+19  2.086889144336211E+03  1.060273594044923E+06  9.855580107257418E+03  4.756055014851373E-07  4.908212185851719E+02  2.978069796713613E-01
  2.496513570802221E+00  2.949239885102522E+19  2.116850257322209E+03  1.073177175996952E+06  1.000254724672604E+04  4.655439989728844E-07  4.946824169933068E+02  2.863014102447043E-01
  2.505957699579386E+00  2.950502830527333E+19  2.145535301573267E+03  1.085491882194732E+06  1.014243131290680E+04  4.562390377493199E-07  4.982715273194067E+02  2.749653849044841E-01
  2.515401828356551E+00  2.951446206654232E+19  2.173046656564974E+03  1.097252198893453E+06  1.027576818150091E+04  4.476023552013604E-07  5.016106913026659E+02  2.638097086273215E-01
  2.524845957133715E+00  2.952100841563942E+19  2.199281188267686E+03  1.108435113196581E+06  1.040213110268213E+04  4.396173259910500E-07  5.046994134031196E+02  2.528336689269858E-01
  2.534290085910880E+00  2.952495356201506E+19  2.224316386462582E+03  1.119066013547959E+06  1.052194820287386E+04  4.322162565413625E-07  5.075567599801071E+02  2.420459938341233E-01
  2.543734214688044E+00  2.952657412815219E+19  2.248107765222972E+03  1.129137664297847E+06  1.063507509599567E+04  4.253733239601953E-07  5.101882174306763E+02  2.314484477995971E-01
  2.553178343465209E+00  2.952613051954970E+19  2.270676279515508E+03  1.138661467762280E+06  1.074167809570251E+04  4.190473559798544E-07  5.126061090438249E+02  2.210461911957758E-01
  2.562622472242373E+00  2.952386906674323E+19  2.292050344079552E+03  1.147646663955505E+06  1.084195993811358E+04  4.131994271117166E-07  5.148231915232782E+02  2.108440886118878E-01
  2.572066601019536E+00  2.952002143361283E+19  2.312200286751965E+03  1.156093969912813E+06  1.093584872983158E+04  4.078098989903795E-07  5.168455454371215E+02  2.008441663804185E-01
  2.581510729796703E+00  2.951480560923275E+19  2.331207546295360E+03  1.164022852892529E+06  1.102379789561357E+04  4.028325254942273E-07  5.186908286896314E+02  1.910533210633571E-01
  2.590954858573866E+00  2.950842332895420E+19  2.349016652102490E+03  1.171430256900468E+06  1.110561147390620E+04  3.982600979941452E-07  5.203614764954505E+02  1.814717642187896E-01
  2.600398987351030E+00  2.950106517313100E+19  2.365734785418058E+03  1.178338821492062E+06  1.118186199021315E+04  3.940459388602749E-07  5.218769600957698E+02  1.721071273674327E-01
  2.609843116128196E+00  2.949290358079631E+19  2.381302781294608E+03  1.184746487530176E+06  1.125233168179787E+04  3.901880915394373E-07  5.232383964166779E+02  1.629588542323293E-01
  2.619287244905359E+00  2.948410211766350E+19  2.395833529062733E+03  1.190675955873178E+06  1.131761510604585E+04  3.866437388758590E-07  5.244648483110634E+02  1.540344527146969E-01
  2.628731373682524E+00  2.947480577551587E+19  2.409279938550231E+03  1.196127371922146E+06  1.137754577333085E+04  3.834114187871993E-07  5.255577854054727E+02  1.453333729127834E-01
  2.638175502459689E+00  2.946515131227657E+19  2.421745039351428E+03  1.201122142413005E+06  1.143266477703812E+04  3.804550133537578E-07  5.265341866870476E+02  1.368622399095256E-01
  2.647619631236852E+00  2.945525909247824E+19  2.433208262979744E+03  1.205664606406139E+06  1.148292438101053E+04  3.777696080580234E-07  5.273974327188926E+02  1.286213551351910E-01
  2.657063760014017E+00  2.944523906061554E+19  2.443743045940781E+03  1.209771189160076E+06  1.152871753178494E+04  3.753294402887158E-07  5.281603618119643E+02  1.206154622786598E-01
  2.666507888791181E+00  2.943519069559698E+19  2.453378766882877E+03  1.213454154760866E+06  1.157022570665657E+04  3.731204358609414E-07  5.288307906974071E+02  1.128469514302881E-01
  2.675952017568347E+00  2.942519730600057E+19  2.462135036392544E+03  1.216722347685360E+06  1.160757843262712E+04  3.711317736658531E-07  5.294149523444260E+02  1.053175005700501E-01
  2.685396146345510E+00  2.941534063459860E+19  2.470105242645831E+03  1.219595211430571E+06  1.164125263934675E+04  3.693369456580776E-07  5.299266263388213E+02  9.803243354538861E-02
  2.694840275122674E+00  2.940567972352379E+19  2.477255376598423E+03  1.222077372599358E+06  1.167111578168056E+04  3.677390670991645E-07  5.303656260803089E+02  9.099024968082792E-02
  2.704284403899840E+00  2.939627880916743E+19  2.483717175362091E+03  1.224189180868453E+06  1.169781835685354E+04  3.663049004113743E-07  5.307490358133696E+02  8.419819963129795E-02
  2.713728532677004E+00  2.938717851820405E+19  2.489444425531642E+03  1.225937488623314E+06  1.172116289840130E+04  3.650415385789416E-07  5.310748012616957E+02  7.765354145637061E-02
  2.723172661454169E+00  2.937842354927521E+19  2.494553702258308E+03  1.227338292185584E+06  1.174172002329760E+04  3.639206108763788E-07  5.313577785629175E+02  7.136280287312130E-02
  2.732616790231333E+00  2.937004358086426E+19  2.499044924041614E+03  1.228403476640029E+06  1.175950467956869E+04  3.629400080918886E-07  5.316003386702141E+02  6.532533494304606E-02
  2.742060919008498E+00  2.936206201784314E+19  2.502966028589729E+03  1.229144444525017E+06  1.177475506615494E+04  3.620874786168479E-07  5.318096661829950E+02  5.954356465751041E-02
  2.751505047785662E+00  2.935450240725903E+19  2.506396834989256E+03  1.229574702197755E+06  1.178785897447812E+04  3.613442841516506E-07  5.319962187876292E+02  5.402173449373127E-02
  2.760949176562827E+00  2.934737102956335E+19  2.509321989955678E+03  1.229706246666669E+06  1.179874921622812E+04  3.607126314970935E-07  5.321602974678000E+02  4.875774081110368E-02
  2.770393305339991E+00  2.934068055913650E+19  2.511833840830605E+03  1.229549017885278E+06  1.180786734237971E+04  3.601716941721930E-07  5.323135095668924E+02  4.375710216851030E-02
  2.779837434117154E+00  2.933443213513183E+19  2.513946732879265E+03  1.229116879068755E+06  1.181528309440345E+04  3.597177203608943E-07  5.324592214223062E+02  3.901919575827806E-02
  2.789281562894319E+00  2.932862329587760E+19  2.515695594404647E+03  1.228420237175913E+06  1.182116125405873E+04  3.593426826559992E-07  5.326030524759922E+02  3.454543831437575E-02
  2.798725691671486E+00  2.932325429960929E+19  2.517148243104664E+03  1.227467465116920E+06  1.182582192592193E+04  3.590316620217246E-07  5.327541326880305E+02  3.033990239969744E-02
  2.808169820448648E+00  2.931831369094832E+19  2.518309503655238E+03  1.226272753689175E+06  1.182928422253952E+04  3.587833518536111E-07  5.329151046959262E+02  2.640070940073075E-02
  2.817613949225812E+00  2.931379391677576E+19  2.519226830546338E+03  1.224844323582401E+06  1.183176890057715E+04  3.585874038448005E-07  5.330933503102335E+02  2.273082845123954E-02
  2.827058078002978E+00  2.930968618898054E+19  2.519944877277220E+03  1.223189888837653E+06  1.183348281714581E+04  3.584341480102772E-07  5.332960954010532E+02  1.933261618121649E-02
  2.836502206780141E+00  2.930597456940192E+19  2.520476471888393E+03  1.221320508129240E+06  1.183448030366235E+04  3.583207577744356E-07  5.335276309470601E+02  1.620466808829489E-02
  2.845946335557306E+00  2.930264856281327E+19  2.520859878876009E+03  1.219246485902026E+06  1.183493719937552E+04  3.582390133707129E-07  5.337949851472104E+02  1.334986595187037E-02
  2.855390464334471E+00  2.929969554589238E+19  2.521127255032539E+03  1.216972368239661E+06  1.183499966793618E+04  3.581820257489919E-07  5.341053066662372E+02  1.076970286611767E-02
  2.864834593111636E+00  2.929709978908100E+19  2.521294875845329E+03  1.214502460865041E+06  1.183473796367912E+04  3.581463073380050E-07  5.344644110816621E+02  8.463280098409444E-03
  2.874278721888800E+00  2.929485067468767E+19  2.521388148863058E+03  1.211855893922744E+06  1.183426720231242E+04  3.581264343101563E-07  5.348773152143287E+02  6.432841161365307E-03
  2.883722850665965E+00  2.929293569685082E+19  2.521430784666005E+03  1.209032689876457E+06  1.183369370728226E+04  3.581173508106435E-07  5.353528452983510E+02  4.679708052552639E-03
  2.893166979443129E+00  2.929134145099344E+19  2.521437564889470E+03  1.206023693041803E+06  1.183308148697907E+04  3.581159063286940E-07  5.358979996009552E+02  3.203188805160365E-03
  2.902611108220293E+00  2.929006135252483E+19  2.521422255020448E+03  1.202878342280364E+06  1.183249250838971E+04  3.581191680092390E-07  5.365046775696076E+02  2.004809435421335E-03
  2.912055236997457E+00  2.928908793480515E+19  2.521398706735937E+03  1.199582834638548E+06  1.183198876727443E+04  3.581241849340067E-07  5.371826544081193E+02  1.085872206496589E-03
  2.921499365774622E+00  2.928841435693803E+19  2.521376057930890E+03  1.195975197067577E+06  1.183161038028179E+04  3.581290103366095E-07  5.379402305669895E+02  4.458724645995698E-04
  2.930943494551786E+00  2.928804601950572E+19  2.521356974826866E+03  1.192275902298528E+06  1.183137203664884E+04  3.581330761389680E-07  5.386166887106288E+02  8.576726906046115E-05
  2.940387623328951E+00  2.928797427510441E+19  2.521348644895643E+03  1.188573432976315E+06  1.183130396656601E+04  3.581348509191215E-07  5.393796375346431E+02  6.468329171319304E-06
  2.949831752106116E+00  2.928816617925564E+19  2.521364699193295E+03  1.184537262221537E+06  1.183145682353645E+04  3.581314303939121E-07  5.410488334830184E+02  2.078852081265733E-04
  2.959275880883280E+00  2.928867084042052E+19  2.521385652889361E+03  1.180565886471147E+06  1.183175901658775E+04  3.581269660858370E-07  5.425710222509438E+02  6.909704859542614E-04
  2.968720009660444E+00  2.928947781988078E+19  2.521409186447891E+03  1.176393444091385E+06  1.183219544821415E+04  3.581219522334858E-07  5.441625517946013E+02  1.455322762192293E-03
  2.978164138437609E+00  2.929058550133427E+19  2.521430875117593E+03  1.171954628628532E+06  1.183274470510671E+04  3.581173315404646E-07  5.459567764178241E+02  2.501597713124355E-03
  2.987608267214773E+00  2.929200791796398E+19  2.521438098347216E+03  1.167424873925675E+06  1.183335322908671E+04  3.581157926794472E-07  5.479361903660806E+02  3.830524991533558E-03
  2.997052395991938E+00  2.929375270551207E+19  2.521416668364939E+03  1.162755720121439E+06  1.183395750747332E+04  3.581203582267601E-07  5.501411001172603E+02  5.441361947646342E-03
  3.006496524769102E+00  2.929582988704814E+19  2.521352738982143E+03  1.157920138226075E+06  1.183449657192713E+04  3.581339786287590E-07  5.526076144754807E+02  7.334311867075078E-03
  3.015940653546268E+00  2.929825553537248E+19  2.521227126103923E+03  1.152951531111897E+06  1.183488681036271E+04  3.581607434527415E-07  5.553609825291519E+02  9.510538963244358E-03
  3.025384782323430E+00  2.930104148148036E+19  2.521013357041776E+03  1.147830793677133E+06  1.183500863133578E+04  3.582062997222322E-07  5.584376031260799E+02  1.196876842901836E-02
  3.034828911100596E+00  2.930420132616665E+19  2.520688732314855E+03  1.142546508910905E+06  1.183476079742129E+04  3.582754988846457E-07  5.618738912117549E+02  1.470882942301382E-02
  3.044273039877760E+00  2.930775257948031E+19  2.520232152789660E+03  1.137114596567906E+06  1.183405107877789E+04  3.583728641207757E-07  5.657121622151632E+02  1.773220753939490E-02
  3.053717168654924E+00  2.931170755506044E+19  2.519602701545195E+03  1.131519532238130E+06  1.183269197896550E+04  3.585071664454001E-07  5.700008637053861E+02  2.103694457246081E-02
  3.063161297432088E+00  2.931608122276109E+19  2.518772273351507E+03  1.125755978921565E+06  1.183055707942618E+04  3.586844784234890E-07  5.747894234428393E+02  2.462301135128313E-02
  3.072605426209253E+00  2.932088900229294E+19  2.517717319591344E+03  1.119831210315950E+06  1.182754138573930E+04  3.589099416863302E-07  5.801401130283416E+02  2.849169290175125E-02
  3.082049554986418E+00  2.932613925520006E+19  2.516377597012238E+03  1.113726723650588E+06  1.182336447326382E+04  3.591966059855737E-07  5.861193529049461E+02  3.264007278486930E-02
  3.091493683763582E+00  2.933184539609392E+19  2.514736140431647E+03  1.107446446811751E+06  1.181795101576863E+04  3.595483537256746E-07  5.927991047214588E+02  3.706954990556565E-02
  3.100937812540747E+00  2.933801367098049E+19  2.512750688933734E+03  1.100986613842775E+06  1.181110369454278E+04  3.599745839227857E-07  6.002693278955892E+02  4.177961899140291E-02
  3.110381941317912E+00  2.934464563299493E+19  2.510349920999192E+03  1.094328977039347E+06  1.180248635309418E+04  3.604910987844225E-07  6.086211972666295E+02  4.676728892664139E-02
  3.119826070095076E+00  2.935174661057863E+19  2.507538282368767E+03  1.087485941960145E+06  1.179212018001549E+04  3.610975829063533E-07  6.179641181844061E+02  5.203540831129077E-02
  3.129270198872240E+00  2.935930692279975E+19  2.504227465237168E+03  1.080437437747668E+06  1.177958386552687E+04  3.618139254566169E-07  6.284230524371189E+02  5.758028279125336E-02
  3.138714327649405E+00  2.936732005131244E+19  2.500386674024129E+03  1.073181289816692E+06  1.176472735515415E+04  3.626479076225926E-07  6.401287631887183E+02  6.340199989112626E-02
  3.148158456426569E+00  2.937576997535685E+19  2.495986838005187E+03  1.065718238014929E+06  1.174740454309085E+04  3.636072241491336E-07  6.532456078169741E+02  6.950080363723814E-02
  3.157602585203734E+00  2.938463082383016E+19  2.490926183297792E+03  1.058025599758535E+06  1.172712276472943E+04  3.647158629187983E-07  6.679427538436246E+02  7.587246878937154E-02
  3.167046713980899E+00  2.939387803686101E+19  2.485231435695809E+03  1.050118677955080E+06  1.170399428995463E+04  3.659701650994520E-07  6.844229878198998E+02  8.252018634077631E-02
  3.176490842758063E+00  2.940346590174636E+19  2.478770230638522E+03  1.041968819164325E+06  1.167737352400940E+04  3.674020133345229E-07  7.029135089849481E+02  8.943816072153189E-02
  3.185934971535227E+00  2.941335355130687E+19  2.471569995767342E+03  1.033589033338346E+06  1.164736894783440E+04  3.690086681153129E-07  7.236629399927335E+02  9.662916577814504E-02
  3.195379100312392E+00  2.942347661554309E+19  2.463520726828942E+03  1.024958918668653E+06  1.161343202602581E+04  3.708186843018965E-07  7.469720231111186E+02  1.040886129385199E-01
  3.204823229089556E+00  2.943377074326511E+19  2.454607249205055E+03  1.016079018633451E+06  1.157546084840436E+04  3.728403618266825E-07  7.731538086452962E+02  1.118167375393601E-01
  3.214267357866722E+00  2.944415228099491E+19  2.444773195456993E+03  1.006942800582836E+06  1.153315172671520E+04  3.750922374824347E-07  8.025965709868567E+02  1.198114380372261E-01
  3.223711486643885E+00  2.945452895406397E+19  2.433950610560250E+03  9.975386523040147E+05  1.148614298061143E+04  3.775967933535057E-07  8.357044991388559E+02  1.280700757739526E-01
  3.233155615421049E+00  2.946479424477032E+19  2.422131916846407E+03  9.878698227700315E+05  1.143435259624117E+04  3.803638641451779E-07  8.729721197500994E+02  1.365925782919978E-01
  3.242599744198214E+00  2.947482608984688E+19  2.409218134442579E+03  9.779193395060500E+05  1.137726175189998E+04  3.834261724653123E-07  9.149252205432686E+02  1.453744915640978E-01
  3.252043872975378E+00  2.948449000597012E+19  2.395224878503988E+03  9.676936810180199E+05  1.131488877262712E+04  3.867911232900525E-07  9.621941565196272E+02  1.544164764266646E-01
  3.261488001752543E+00  2.949363270879792E+19  2.380047488423453E+03  9.571753499573971E+05  1.124667810180544E+04  3.904968237660871E-07  1.015460302896305E+03  1.637133898543976E-01
  3.270932130529707E+00  2.950208721219246E+19  2.363703349030265E+03  9.463708886178547E+05  1.117264727355474E+04  3.945540300447522E-07  1.075532490825246E+03  1.732655477156212E-01
  3.280376259306872E+00  2.950966734245623E+19  2.346105165515004E+03  9.352653927020571E+05  1.109231424279228E+04  3.990016815022972E-07  1.143286758572386E+03  1.830682010782919E-01
  3.289820388084036E+00  2.951616988885774E+19  2.327248608793883E+03  9.238616586936503E+05  1.100558559364231E+04  4.038608643835505E-07  1.219768684580534E+03  1.931200606716620E-01
  3.299264516861201E+00  2.952137375750234E+19  2.307095316527722E+03  9.121528134960242E+05  1.091220398587473E+04  4.091642049420928E-07  1.306094353340559E+03  2.034182752929811E-01
  3.308708645638365E+00  2.952503721955782E+19  2.285589443113206E+03  9.001329416389238E+05  1.081182606085747E+04  4.149527120239058E-07  1.403620097832572E+03  2.139584479415025E-01
  3.318152774415529E+00  2.952690102457873E+19  2.262766003079717E+03  8.878061470276882E+05  1.070453701825554E+04  4.212466614254263E-07  1.513763812083673E+03  2.247407360979157E-01
  3.327596903192693E+00  2.952668476118060E+19  2.238510378237483E+03  8.751583058905534E+05  1.058971262203141E+04  4.281118717361495E-07  1.638270310844228E+03  2.357572300407619E-01
  3.337041031969858E+00  2.952408734064324E+19  2.212915406989238E+03  8.622001935652433E+05  1.046770967730039E+04  4.355607337627668E-07  1.778958148690266E+03  2.470102998858263E-01
  3.346485160747024E+00  2.951878984419719E+19  2.185847800798318E+03  8.489164938069265E+05  1.033781707510238E+04  4.436761268270228E-07  1.938023315543371E+03  2.584904029228022E-01
  3.355929289524187E+00  2.951044858663185E+19  2.157398671835222E+03  8.353170451247010E+05  1.020038568953035E+04  4.524809805848253E-07  2.117834696857301E+03  2.701990740257391E-01
  3.365373418301351E+00  2.949870259848412E+19  2.127497316105892E+03  8.213930394903263E+05  1.005500547309919E+04  4.620536530494287E-07  2.321077360567087E+03  2.821293581173413E-01
  3.374817547078516E+00  2.948317094553784E+19  2.096152020712108E+03  8.071482273709455E+05  9.901644771424555E+03  4.724564423579217E-07  2.550851327034997E+03  2.942774060513285E-01
  3.384261675855681E+00  2.946344309766569E+19  2.063418649477409E+03  7.925819596599350E+05  9.740499392376789E+03  4.837432436274542E-07  2.810404746689793E+03  3.066426482258938E-01
  3.393705804632845E+00  2.943910581075464E+19  2.029218175386698E+03  7.776935021849974E+05  9.571141416750943E+03  4.960241529491402E-07  3.103652863849941E+03  3.192151669860806E-01
  3.403149933410009E+00  2.940970552902521E+19  1.993644881063954E+03  7.624869379665316E+05  9.393963167715679E+03  5.093592959563199E-07  3.434683159555743E+03  3.319957707324777E-01
  3.412594062187174E+00  2.937478222363944E+19  1.956674414946637E+03  7.469608430657642E+05  9.208811789041109E+03  5.238634395112102E-07  3.808088549833483E+03  3.449772603939258E-01
  3.422038190964338E+00  2.933386048177549E+19  1.918321911683715E+03  7.311208466588777E+05  9.015733890910120E+03  5.396518973064751E-07  4.229088130885589E+03  3.581538095402468E-01
  3.431482319741503E+00  2.928642197991319E+19  1.878675828012974E+03  7.149677018424274E+05  8.815126283847214E+03  5.568242851181048E-07  4.702997670385374E+03  3.715251808758371E-01
  3.440926448518668E+00  2.923196770868385E+19  1.837700387243506E+03  6.985072442405937E+05  8.606828160266465E+03  5.755510880020584E-07  5.236008433547069E+03  3.850809023118751E-01
  3.450370577295832E+00  2.916995758649582E+19  1.795473922502787E+03  6.817438564080055E+05  8.391223226096889E+03  5.959739632174518E-07  5.834619984621309E+03  3.988181749141804E-01
  3.459814706072996E+00  2.909982328359585E+19  1.752063210879211E+03  6.646803846571972E+05  8.168653928769623E+03  6.182601908781395E-07  6.505467741496121E+03  4.127343661469555E-01
  3.469258834850160E+00  2.902103052142001E+19  1.707471974726312E+03  6.473268538560648E+05  7.939200851555303E+03  6.426367582745587E-07  7.256198239968484E+03  4.268185001439400E-01
  3.478702963627325E+00  2.893298462241208E+19  1.661788803077921E+03  6.296899063060579E+05  7.703346617123826E+03  6.693175256398335E-07  8.094336928149569E+03  4.410685765064541E-01
  3.488147092404490E+00  2.883508007583896E+19  1.615092408174607E+03  6.117703365485589E+05  7.461547577411526E+03  6.985538264656277E-07  9.027418108049620E+03  4.554801965018912E-01
  3.497591221181655E+00  2.872675570686819E+19  1.567409469979681E+03  5.935877575175343E+05  7.214054559632998E+03  7.306716211902865E-07  1.006388277482378E+04  4.700424759248411E-01
  3.507035349958818E+00  2.860737664707953E+19  1.518852886904890E+03  5.751459645172311E+05  6.961520718399895E+03  7.659887178492028E-07  1.121135518345596E+04  4.847532516492178E-01
  3.516479478735984E+00  2.847631108360525E+19  1.469495210981583E+03  5.564476926071204E+05  6.704436453174003E+03  8.049032424652161E-07  1.247705384386252E+04  4.996072252532109E-01
  3.525923607513147E+00  2.833298644597060E+19  1.419406156050125E+03  5.375223491655316E+05  6.443315738062976E+03  8.478829707884278E-07  1.386864449234244E+04  5.145933116462150E-01
  3.535367736290312E+00  2.817674432483030E+19  1.368696583494149E+03  5.183698289859268E+05  6.178860203586461E+03  8.954372659697437E-07  1.539195087592977E+04  5.297088661375351E-01
  3.544811865067476E+00  2.800693623870238E+19  1.317450295744164E+03  4.989952963754936E+05  5.911670463236587E+03  9.481882747499550E-07  1.705142405925201E+04  5.449483949970185E-01
  3.554255993844640E+00  2.782299843296403E+19  1.265771642132608E+03  4.794369180876684E+05  5.642475317861237E+03  1.006845647478744E-06  1.885117593335013E+04  5.603002396006875E-01
  3.563700122621806E+00  2.762426654859379E+19  1.213769044089541E+03  4.596943978510149E+05  5.372014645554891E+03  1.072239627969674E-06  2.079196277341546E+04  5.757611927080712E-01
  3.573144251398970E+00  2.741008530564638E+19  1.161533041567102E+03  4.397718891107987E+05  5.100964847398771E+03  1.145377339869361E-06  2.287159527929552E+04  5.913259599024852E-01
  3.582588380176134E+00  2.717992003525042E+19  1.109201112859035E+03  4.197178213880232E+05  4.830241515711952E+03  1.227384104473268E-06  2.508637686582602E+04  6.069821850583262E-01
  3.592032508953299E+00  2.693311712979803E+19  1.056878838514037E+03  3.995327512548418E+05  4.560602249268617E+03  1.319648097814369E-06  2.742728089642527E+04  6.227260911325306E-01
  3.601476637730463E+00  2.666902409349993E+19  1.004656229872204E+03  3.792183702854100E+05  4.292743906420480E+03  1.423867958130013E-06  2.988023763248919E+04  6.385526968297303E-01
  3.610920766507629E+00  2.638715118496173E+19  9.527016660435288E+02  3.588335524838021E+05  4.027724948165248E+03  1.541915422900208E-06  3.242819460725364E+04  6.544490423299113E-01
  3.620364895284792E+00  2.608686646790695E+19  9.011162974309402E+02  3.383798105664260E+05  3.766284600458021E+03  1.676195510062028E-06  3.504654967485170E+04  6.704108726072111E-01
  3.629809024061958E+00  2.576752635374367E+19  8.499840230329371E+02  3.178564008965652E+05  3.509084823755471E+03  1.829699611333437E-06  3.770338816151087E+04  6.864334435449400E-01
  3.639253152839120E+00  2.542869338583640E+19  7.994995212967351E+02  2.973317229501195E+05  3.257261516580282E+03  2.005712252037556E-06  4.036244102785042E+04  7.025033172132480E-01
  3.648697281616285E+00  2.506974732528744E+19  7.497543724289867E+02  2.768061045570266E+05  3.011475532456097E+03  2.208601835476077E-06  4.297787056857966E+04  7.186160722832243E-01
  3.658141410393450E+00  2.469003826750697E+19  7.008255646742937E+02  2.562786446705146E+05  2.772311801365863E+03  2.443886520938917E-06  4.549490770639912E+04  7.347669556470838E-01
  3.667585539170615E+00  2.428915263959783E+19  6.529276033629001E+02  2.358248791415570E+05  2.540901142415734E+03  2.717680482748324E-06  4.785417478079260E+04  7.509421235256751E-01
  3.677029667947780E+00  2.386641866281242E+19  6.061312068647833E+02  2.154384472530166E+05  2.317737641977867E+03  3.038407174848029E-06  4.998577147436433E+04  7.671376108383381E-01
  3.686473796724943E+00  2.342117638414488E+19  5.605158561253349E+02  1.951264047253006E+05  2.103327898819457E+03  3.416756942752323E-06  5.181181601361252E+04  7.833480437583058E-01
  3.695917925502107E+00  2.295298549738140E+19  5.163040182187395E+02  1.749639145947755E+05  1.898694368728507E+03  3.864894842424400E-06  5.325258363883329E+04  7.995594934272329E-01
  3.705362054279273E+00  2.246063239134922E+19  4.735333820292665E+02  1.549367325730099E+05  1.704052438898725E+03  4.400175910503458E-06  5.421882921243875E+04  8.157693014161554E-01
  3.714806183056437E+00  2.194193105875465E+19  4.323228825629634E+02  1.350913675448464E+05  1.519824510807145E+03  5.044099035692890E-06  5.461799826628712E+04  8.319699524171569E-01
  3.724250311833601E+00  2.139009261099309E+19  3.928844883206730E+02  1.155050704752625E+05  1.346442843937519E+03  5.822354115473818E-06  5.435170097487554E+04  8.481489912702656E-01
  3.733694440610765E+00  2.078748700349571E+19  3.552505693315261E+02  9.627675970279664E+04  1.183169997324109E+03  6.771638501416820E-06  5.329539978891090E+04  8.643055576595231E-01
  3.743138569387928E+00  2.009693685792284E+19  3.196688937167351E+02  7.770298207323496E+04  1.029296796519987E+03  7.933144636504186E-06  5.129757848629485E+04  8.804272961247344E-01
  3.752582698165094E+00  1.924435738805630E+19  2.861529177525673E+02  6.023774254739776E+04  8.822912398283870E+02  9.366960130135622E-06  4.814642668972522E+04  8.965075688375490E-01
  3.762026826942260E+00  1.811593704213831E+19  2.542786954265222E+02  4.469483982535639E+04  7.380421279795426E+02  1.118229583361774E-05  4.359551158530932E+04  9.125446722384040E-01
  3.771470955719423E+00  1.657804881390567E+19  2.223203359928926E+02  3.178164343223527E+04  5.905041841191785E+02  1.367814345699929E-05  3.745612024995447E+04  9.285250600616914E-01
  3.780915084496588E+00  1.454031927248910E+19  1.860711148071770E+02  2.261582453320764E+04  4.334742236036009E+02  1.786395022869167E-05  2.972847627710646E+04  9.444511706025922E-01
  3.790359213273752E+00  1.202819901923225E+19  1.416518698485603E+02  1.791669311285027E+04  2.729815479367525E+02  2.689443790429830E-05  2.082419609836387E+04  9.603162833354015E-01
  3.799803342050918E+00  9.252629701040591E+18  9.078812623690087E+01  1.258033871545179E+04  1.345874638845918E+02  5.241461018408770E-05  1.183822000649063E+04  9.761195738835035E-01
  3.809247470828081E+00  6.533974926258903E+18  4.607572977854895E+01  4.875900461339712E+03  4.823475325038376E+01  1.449731600734912E-04  4.710006791971053E+03  9.918645142225865E-01
  3.818691599605246E+00  4.164357211778879E+18  2.875324316174758E+01  1.914351277512108E+03  1.918426600641939E+01  2.940801314399643E-04  1.530602945159587E+03  1.007542710339906E+00
  3.828135728382410E+00  2.252874000728404E+18  2.225523103571719E+01  7.551925503049387E+02  8.033029932849868E+00  4.318647715055729E-04  3.658192894122692E+02  1.023158419351482E+00
  3.837579857159575E+00  6.766795566599217E+17  1.839935088471510E+01  1.783357948252419E+02  1.994784260467997E+00  5.745028493032210E-04  9.443658868282053E+00  1.038710188835797E+00
