  0.413338E+01
  0.389013E+01
  0.367943E+01
  0.350698E+01
  0.335962E+01
  0.323774E+01
  0.313080E+01
  0.304294E+01
  0.297007E+01
  0.291256E+01
  0.286845E+01
  0.283490E+01
  0.281072E+01
  0.279436E+01
  0.278584E+01
  0.278546E+01
  0.279347E+01
  0.280947E+01
  0.283515E+01
  0.287155E+01
  0.291922E+01
  0.297745E+01
  0.304548E+01
  0.312196E+01
  0.320732E+01
  0.329926E+01
  0.339794E+01
  0.350504E+01
  0.362284E+01
  0.375802E+01
  0.391846E+01
  0.411306E+01
  0.435247E+01
  0.464929E+01
  0.502046E+01
  0.548782E+01
  0.605955E+01
  0.676227E+01
  0.762598E+01
  0.869695E+01
  0.998280E+01
  0.114715E+02
  0.131423E+02
  0.149591E+02
  0.168244E+02
  0.185718E+02
  0.200622E+02
  0.210498E+02
  0.213831E+02
  0.210311E+02
  0.199707E+02
  0.183536E+02
  0.161748E+02
  0.139714E+02
  0.118634E+02
  0.101081E+02
  0.868440E+01
  0.771475E+01
  0.702941E+01
  0.638184E+01
  0.577188E+01
  0.528517E+01
  0.483477E+01
  0.444507E+01
